,survived,pclass,sex,age,sibsp,parch,fare,class,alone,embarked
0,0,3,1,22.0,1,0,7.25,Third,False,0
1,1,1,0,38.0,1,0,71.2833,First,False,1
2,1,3,0,26.0,0,0,7.925,Third,True,0
3,1,1,0,35.0,1,0,53.1,First,False,0
4,0,3,1,35.0,0,0,8.05,Third,True,0
5,0,1,1,54.0,0,0,51.8625,First,True,0
6,0,3,1,2.0,3,1,21.075,Third,False,0
7,1,3,0,27.0,0,2,11.1333,Third,False,0
8,1,2,0,14.0,1,0,30.0708,Second,False,1
9,1,3,0,4.0,1,1,16.7,Third,False,0
10,1,1,0,58.0,0,0,26.55,First,True,0
11,0,3,1,20.0,0,0,8.05,Third,True,0
12,0,3,1,39.0,1,5,31.275,Third,False,0
13,0,3,0,14.0,0,0,7.8542,Third,True,0
14,1,2,0,55.0,0,0,16.0,Second,True,0
15,0,3,1,2.0,4,1,29.125,Third,False,2
16,0,3,0,31.0,1,0,18.0,Third,False,0
17,0,2,1,35.0,0,0,26.0,Second,True,0
18,1,2,1,34.0,0,0,13.0,Second,True,0
19,1,3,0,15.0,0,0,8.0292,Third,True,2
20,1,1,1,28.0,0,0,35.5,First,True,0
21,0,3,0,8.0,3,1,21.075,Third,False,0
22,1,3,0,38.0,1,5,31.3875,Third,False,0
23,0,1,1,19.0,3,2,263.0,First,False,0
24,0,1,1,40.0,0,0,27.7208,First,True,1
25,0,2,1,66.0,0,0,10.5,Second,True,0
26,0,1,1,28.0,1,0,82.1708,First,False,1
27,0,1,1,42.0,1,0,52.0,First,False,0
28,0,3,1,21.0,0,0,8.05,Third,True,0
29,0,3,0,18.0,2,0,18.0,Third,False,0
30,1,3,0,14.0,1,0,11.2417,Third,False,1
31,0,3,0,40.0,1,0,9.475,Third,False,0
32,0,2,0,27.0,1,0,21.0,Second,False,0
33,1,2,0,3.0,1,2,41.5792,Second,False,1
34,1,3,0,19.0,0,0,7.8792,Third,True,2
35,0,3,0,18.0,1,0,17.8,Third,False,0
36,0,3,1,7.0,4,1,39.6875,Third,False,0
37,0,3,1,21.0,0,0,7.8,Third,True,0
38,1,1,0,49.0,1,0,76.7292,First,False,1
39,1,2,0,29.0,1,0,26.0,Second,False,0
40,0,1,1,65.0,0,1,61.9792,First,False,1
41,1,2,0,21.0,0,0,10.5,Second,True,0
42,0,3,1,28.5,0,0,7.2292,Third,True,1
43,1,2,0,5.0,1,2,27.75,Second,False,0
44,0,3,1,11.0,5,2,46.9,Third,False,0
45,0,3,1,22.0,0,0,7.2292,Third,True,1
46,0,1,1,45.0,1,0,83.475,First,False,0
47,0,3,1,4.0,3,2,27.9,Third,False,0
48,1,2,0,29.0,0,0,10.5,Second,True,0
49,0,3,1,19.0,0,0,8.1583,Third,True,0
50,1,3,0,17.0,4,2,7.925,Third,False,0
51,0,3,1,26.0,2,0,8.6625,Third,False,0
52,0,2,1,32.0,0,0,10.5,Second,True,0
53,0,3,0,16.0,5,2,46.9,Third,False,0
54,0,2,1,21.0,0,0,73.5,Second,True,0
55,0,3,1,26.0,1,0,14.4542,Third,False,1
56,1,3,1,32.0,0,0,56.4958,Third,True,0
57,0,3,1,25.0,0,0,7.65,Third,True,0
58,1,2,1,0.83,0,2,29.0,Second,False,0
59,1,3,0,30.0,0,0,12.475,Third,True,0
60,0,3,1,22.0,0,0,9.0,Third,True,0
61,1,3,1,29.0,0,0,9.5,Third,True,0
62,0,1,1,28.0,0,0,47.1,First,True,0
63,1,2,0,17.0,0,0,10.5,Second,True,0
64,1,3,0,33.0,3,0,15.85,Third,False,0
65,0,3,1,16.0,1,3,34.375,Third,False,0
66,1,1,0,23.0,3,2,263.0,First,False,0
67,0,3,1,24.0,0,0,8.05,Third,True,0
68,0,3,1,29.0,0,0,8.05,Third,True,0
69,0,3,1,20.0,0,0,7.8542,Third,True,0
70,0,1,1,46.0,1,0,61.175,First,False,0
71,0,3,1,26.0,1,2,20.575,Third,False,0
72,0,3,1,59.0,0,0,7.25,Third,True,0
73,0,1,1,71.0,0,0,34.6542,First,True,1
74,1,1,1,23.0,0,1,63.3583,First,False,1
75,1,2,0,34.0,0,1,23.0,Second,False,0
76,0,2,1,34.0,1,0,26.0,Second,False,0
77,0,3,0,28.0,0,0,7.8958,Third,True,0
78,0,1,1,21.0,0,1,77.2875,First,False,0
79,0,3,1,33.0,0,0,8.6542,Third,True,0
80,0,3,1,37.0,2,0,7.925,Third,False,0
81,0,3,1,28.0,0,0,7.8958,Third,True,0
82,1,3,0,21.0,0,0,7.65,Third,True,0
83,0,3,1,38.0,0,0,7.8958,Third,True,0
84,0,1,1,47.0,0,0,52.0,First,True,0
85,0,3,0,14.5,1,0,14.4542,Third,False,1
86,0,3,1,22.0,0,0,8.05,Third,True,0
87,0,3,0,20.0,1,0,9.825,Third,False,0
88,0,3,0,17.0,0,0,14.4583,Third,True,1
89,0,3,1,21.0,0,0,7.925,Third,True,0
90,0,3,1,70.5,0,0,7.75,Third,True,2
91,0,2,1,29.0,1,0,21.0,Second,False,0
92,0,1,1,24.0,0,1,247.5208,First,False,1
93,0,3,0,2.0,4,2,31.275,Third,False,0
94,0,2,1,21.0,2,0,73.5,Second,False,0
95,0,2,1,32.5,1,0,30.0708,Second,False,1
96,1,2,0,32.5,0,0,13.0,Second,True,0
97,0,1,1,54.0,0,1,77.2875,First,False,0
98,1,3,1,12.0,1,0,11.2417,Third,False,1
99,1,3,1,24.0,0,0,7.1417,Third,True,0
100,0,3,1,45.0,0,0,6.975,Third,True,0
101,0,3,1,33.0,0,0,7.8958,Third,True,1
102,0,3,1,20.0,0,0,7.05,Third,True,0
103,0,3,0,47.0,1,0,14.5,Third,False,0
104,1,2,0,29.0,1,0,26.0,Second,False,0
105,0,2,1,25.0,0,0,13.0,Second,True,0
106,0,2,1,23.0,0,0,15.0458,Second,True,1
107,1,1,0,19.0,0,2,26.2833,First,False,0
108,0,1,1,37.0,1,0,53.1,First,False,0
109,0,3,1,16.0,0,0,9.2167,Third,True,0
110,0,1,1,24.0,0,0,79.2,First,True,1
111,1,3,0,22.0,0,0,7.75,Third,True,0
112,1,3,0,24.0,1,0,15.85,Third,False,0
113,0,3,1,19.0,0,0,6.75,Third,True,2
114,0,2,1,18.0,0,0,11.5,Second,True,0
115,0,2,1,19.0,1,1,36.75,Second,False,0
116,1,3,1,27.0,0,0,7.7958,Third,True,0
117,0,3,0,9.0,2,2,34.375,Third,False,0
118,0,2,1,36.5,0,2,26.0,Second,False,0
119,0,2,1,42.0,0,0,13.0,Second,True,0
120,0,2,1,51.0,0,0,12.525,Second,True,0
121,1,1,0,22.0,1,0,66.6,First,False,0
122,0,3,1,55.5,0,0,8.05,Third,True,0
123,0,3,1,40.5,0,2,14.5,Third,False,0
124,0,1,1,51.0,0,1,61.3792,First,False,1
125,1,3,0,16.0,0,0,7.7333,Third,True,2
126,0,3,1,30.0,0,0,8.05,Third,True,0
127,0,3,1,44.0,0,1,16.1,Third,False,0
128,1,2,0,40.0,0,0,15.75,Second,True,0
129,0,3,1,26.0,0,0,7.775,Third,True,0
130,0,3,1,17.0,0,0,8.6625,Third,True,0
131,0,3,1,1.0,4,1,39.6875,Third,False,0
132,1,3,1,9.0,0,2,20.525,Third,False,0
133,0,3,0,45.0,1,4,27.9,Third,False,0
134,0,3,1,28.0,0,0,56.4958,Third,True,0
135,0,1,1,61.0,0,0,33.5,First,True,0
136,0,3,1,4.0,4,1,29.125,Third,False,2
137,1,3,0,1.0,1,1,11.1333,Third,False,0
138,0,3,1,21.0,0,0,7.925,Third,True,0
139,0,1,1,56.0,0,0,30.6958,First,True,1
140,0,3,1,18.0,1,1,7.8542,Third,False,0
141,0,1,0,50.0,0,0,28.7125,First,True,1
142,0,2,1,30.0,0,0,13.0,Second,True,0
143,0,3,1,36.0,0,0,0.0,Third,True,0
144,0,3,1,9.0,4,2,31.3875,Third,False,0
145,1,2,1,1.0,2,1,39.0,Second,False,0
146,1,3,0,4.0,0,2,22.025,Third,False,0
147,1,1,1,45.0,0,0,26.55,First,True,0
148,0,3,1,40.0,1,1,15.5,Third,False,2
149,0,3,1,36.0,0,0,7.8958,Third,True,0
150,1,2,0,32.0,0,0,13.0,Second,True,0
151,0,2,1,19.0,0,0,13.0,Second,True,0
152,1,3,0,19.0,1,0,7.8542,Third,False,0
153,1,2,1,3.0,1,1,26.0,Second,False,0
154,1,1,0,44.0,0,0,27.7208,First,True,1
155,1,1,0,58.0,0,0,146.5208,First,True,1
156,0,3,1,42.0,0,1,8.4042,Third,False,0
157,0,2,0,24.0,0,0,13.0,Second,True,0
158,0,3,1,28.0,0,0,9.5,Third,True,0
159,0,3,1,34.0,0,0,6.4958,Third,True,0
160,0,3,1,45.5,0,0,7.225,Third,True,1
161,1,3,1,18.0,0,0,8.05,Third,True,0
162,0,3,0,2.0,0,1,10.4625,Third,False,0
163,0,3,1,32.0,1,0,15.85,Third,False,0
164,1,3,1,26.0,0,0,18.7875,Third,True,1
165,1,3,0,16.0,0,0,7.75,Third,True,2
166,1,1,1,40.0,0,0,31.0,First,True,1
167,0,3,1,24.0,0,0,7.05,Third,True,0
168,1,2,0,35.0,0,0,21.0,Second,True,0
169,0,3,1,22.0,0,0,7.25,Third,True,0
170,0,2,1,30.0,0,0,13.0,Second,True,0
171,1,1,0,31.0,1,0,113.275,First,False,1
172,1,3,0,27.0,0,0,7.925,Third,True,0
173,0,2,1,42.0,1,0,27.0,Second,False,0
174,1,1,0,32.0,0,0,76.2917,First,True,1
175,0,2,1,30.0,0,0,10.5,Second,True,0
176,1,3,1,16.0,0,0,8.05,Third,True,0
177,0,2,1,27.0,0,0,13.0,Second,True,0
178,0,3,1,51.0,0,0,8.05,Third,True,0
179,1,1,1,38.0,1,0,90.0,First,False,0
180,0,3,1,22.0,0,0,9.35,Third,True,0
181,1,2,1,19.0,0,0,10.5,Second,True,0
182,0,3,1,20.5,0,0,7.25,Third,True,0
183,0,2,1,18.0,0,0,13.0,Second,True,0
184,1,1,0,35.0,1,0,83.475,First,False,0
185,0,3,1,29.0,0,0,7.775,Third,True,0
186,0,2,1,59.0,0,0,13.5,Second,True,0
187,1,3,0,5.0,4,2,31.3875,Third,False,0
188,0,2,1,24.0,0,0,10.5,Second,True,0
189,0,2,1,44.0,1,0,26.0,Second,False,0
190,1,2,0,8.0,0,2,26.25,Second,False,0
191,0,2,1,19.0,0,0,10.5,Second,True,0
192,0,2,1,33.0,0,0,12.275,Second,True,0
193,0,2,1,29.0,0,0,10.5,Second,True,0
194,0,3,1,22.0,0,0,7.125,Third,True,0
195,0,3,1,30.0,0,0,7.225,Third,True,1
196,0,1,1,44.0,2,0,90.0,First,False,2
197,0,3,0,25.0,0,0,7.775,Third,True,0
198,1,2,0,24.0,0,2,14.5,Second,False,0
199,1,1,1,37.0,1,1,52.5542,First,False,0
200,0,2,1,54.0,1,0,26.0,Second,False,0
201,0,3,0,29.0,1,1,10.4625,Third,False,0
202,0,1,1,62.0,0,0,26.55,First,True,0
203,0,3,1,30.0,1,0,16.1,Third,False,0
204,0,3,0,41.0,0,2,20.2125,Third,False,0
205,1,3,0,29.0,0,2,15.2458,Third,False,1
206,1,1,0,30.0,0,0,86.5,First,True,0
207,1,1,0,35.0,0,0,512.3292,First,True,1
208,1,2,0,50.0,0,1,26.0,Second,False,0
209,1,3,1,3.0,4,2,31.3875,Third,False,0
210,0,1,1,52.0,1,1,79.65,First,False,0
211,0,1,1,40.0,0,0,0.0,First,True,0
212,0,2,1,36.0,0,0,10.5,Second,True,0
213,0,3,1,16.0,4,1,39.6875,Third,False,0
214,1,3,1,25.0,1,0,7.775,Third,False,0
215,1,1,0,58.0,0,1,153.4625,First,False,0
216,1,1,0,35.0,0,0,135.6333,First,True,0
217,1,3,1,25.0,0,0,0.0,Third,True,0
218,1,2,0,41.0,0,1,19.5,Second,False,0
219,0,1,1,37.0,0,1,29.7,First,False,1
220,1,1,0,63.0,1,0,77.9583,First,False,0
221,0,3,0,45.0,0,0,7.75,Third,True,0
222,0,3,1,7.0,4,1,29.125,Third,False,2
223,1,3,0,35.0,1,1,20.25,Third,False,0
224,0,3,1,65.0,0,0,7.75,Third,True,2
225,0,3,1,28.0,0,0,7.8542,Third,True,0
226,0,3,1,16.0,0,0,9.5,Third,True,0
227,1,3,1,19.0,0,0,8.05,Third,True,0
228,0,3,1,33.0,0,0,8.6625,Third,True,1
229,1,3,1,30.0,0,0,9.5,Third,True,0
230,0,3,1,22.0,0,0,7.8958,Third,True,0
231,1,2,1,42.0,0,0,13.0,Second,True,0
232,1,3,0,22.0,0,0,7.75,Third,True,2
233,1,1,0,26.0,0,0,78.85,First,True,0
234,1,1,0,19.0,1,0,91.0792,First,False,1
235,0,2,1,36.0,0,0,12.875,Second,True,1
236,0,3,0,24.0,0,0,8.85,Third,True,0
237,0,3,1,24.0,0,0,7.8958,Third,True,0
238,0,3,1,23.5,0,0,7.2292,Third,True,1
239,0,1,0,2.0,1,2,151.55,First,False,0
240,1,1,0,50.0,0,1,247.5208,First,False,1
241,0,3,1,19.0,0,0,0.0,Third,True,0
242,1,1,1,0.92,1,2,151.55,First,False,0
243,1,1,0,17.0,1,0,108.9,First,False,1
244,0,2,1,30.0,1,0,24.0,Second,False,1
245,1,1,0,30.0,0,0,56.9292,First,True,1
246,1,1,0,24.0,0,0,83.1583,First,True,1
247,1,1,0,18.0,2,2,262.375,First,False,1
248,0,2,0,26.0,1,1,26.0,Second,False,0
249,0,3,1,28.0,0,0,7.8958,Third,True,0
250,0,2,1,43.0,1,1,26.25,Second,False,0
251,1,3,0,26.0,0,0,7.8542,Third,True,0
252,1,2,0,24.0,1,0,26.0,Second,False,0
253,0,2,1,54.0,0,0,14.0,Second,True,0
254,1,1,0,31.0,0,2,164.8667,First,False,0
255,1,1,0,40.0,1,1,134.5,First,False,1
256,0,3,1,22.0,0,0,7.25,Third,True,0
257,0,3,1,27.0,0,0,7.8958,Third,True,0
258,1,2,0,30.0,0,0,12.35,Second,True,2
259,1,2,0,22.0,1,1,29.0,Second,False,0
260,1,1,0,36.0,0,0,135.6333,First,True,1
261,0,3,1,61.0,0,0,6.2375,Third,True,0
262,1,2,0,36.0,0,0,13.0,Second,True,0
263,1,3,0,31.0,1,1,20.525,Third,False,0
264,1,1,0,16.0,0,1,57.9792,First,False,1
265,0,1,1,45.5,0,0,28.5,First,True,0
266,0,1,1,38.0,0,1,153.4625,First,False,0
267,0,3,1,16.0,2,0,18.0,Third,False,0
268,0,1,1,29.0,1,0,66.6,First,False,0
269,1,1,0,41.0,0,0,134.5,First,True,1
270,1,3,1,45.0,0,0,8.05,Third,True,0
271,0,1,1,45.0,0,0,35.5,First,True,0
272,1,2,1,2.0,1,1,26.0,Second,False,0
273,1,1,0,24.0,3,2,263.0,First,False,0
274,0,2,1,28.0,0,0,13.0,Second,True,0
275,0,2,1,25.0,0,0,13.0,Second,True,0
276,0,2,1,36.0,0,0,13.0,Second,True,0
277,1,2,0,24.0,0,0,13.0,Second,True,0
278,1,2,0,40.0,0,0,13.0,Second,True,0
279,1,3,1,3.0,1,1,15.9,Third,False,0
280,0,3,1,42.0,0,0,8.6625,Third,True,0
281,0,3,1,23.0,0,0,9.225,Third,True,0
282,0,3,1,15.0,1,1,7.2292,Third,False,1
283,0,3,1,25.0,1,0,17.8,Third,False,0
284,0,3,1,28.0,0,0,9.5,Third,True,0
285,1,1,0,22.0,0,1,55.0,First,False,0
286,0,2,0,38.0,0,0,13.0,Second,True,0
287,0,3,1,40.0,1,4,27.9,Third,False,0
288,0,2,1,29.0,1,0,27.7208,Second,False,1
289,0,3,0,45.0,0,1,14.4542,Third,False,1
290,0,3,1,35.0,0,0,7.05,Third,True,0
291,0,3,1,30.0,0,0,7.25,Third,True,0
292,1,1,0,60.0,1,0,75.25,First,False,1
293,1,1,0,24.0,0,0,69.3,First,True,1
294,1,1,1,25.0,1,0,55.4417,First,False,1
295,0,3,1,18.0,1,0,6.4958,Third,False,0
296,0,3,1,19.0,0,0,8.05,Third,True,0
297,0,1,1,22.0,0,0,135.6333,First,True,1
298,0,3,0,3.0,3,1,21.075,Third,False,0
299,1,3,0,22.0,0,0,7.25,Third,True,0
300,0,1,1,27.0,0,2,211.5,First,False,1
301,0,3,1,20.0,0,0,4.0125,Third,True,1
302,0,3,1,19.0,0,0,7.775,Third,True,0
303,1,1,0,42.0,0,0,227.525,First,True,1
304,1,3,0,1.0,0,2,15.7417,Third,False,1
305,0,3,1,32.0,0,0,7.925,Third,True,0
306,1,1,0,35.0,1,0,52.0,First,False,0
307,0,2,1,18.0,0,0,73.5,Second,True,0
308,0,3,1,1.0,5,2,46.9,Third,False,0
309,1,2,0,36.0,0,0,13.0,Second,True,0
310,1,2,0,17.0,0,0,12.0,Second,True,1
311,1,1,1,36.0,1,2,120.0,First,False,0
312,1,3,1,21.0,0,0,7.7958,Third,True,0
313,0,3,1,28.0,2,0,7.925,Third,False,0
314,1,1,0,23.0,1,0,113.275,First,False,1
315,1,3,0,24.0,0,2,16.7,Third,False,0
316,0,3,1,22.0,0,0,7.7958,Third,True,0
317,0,3,0,31.0,0,0,7.8542,Third,True,0
318,0,2,1,46.0,0,0,26.0,Second,True,0
319,0,2,1,23.0,0,0,10.5,Second,True,0
320,1,2,0,28.0,0,0,12.65,Second,True,0
321,1,3,1,39.0,0,0,7.925,Third,True,0
322,0,3,1,26.0,0,0,8.05,Third,True,0
323,0,3,0,21.0,1,0,9.825,Third,False,0
324,0,3,1,28.0,1,0,15.85,Third,False,0
325,0,3,0,20.0,0,0,8.6625,Third,True,0
326,0,2,1,34.0,1,0,21.0,Second,False,0
327,0,3,1,51.0,0,0,7.75,Third,True,0
328,1,2,1,3.0,1,1,18.75,Second,False,0
329,0,3,1,21.0,0,0,7.775,Third,True,0
330,1,1,0,33.0,1,0,90.0,First,False,2
331,1,3,1,44.0,0,0,7.925,Third,True,0
332,1,2,0,34.0,1,1,32.5,Second,False,0
333,1,2,0,18.0,0,2,13.0,Second,False,0
334,0,2,1,30.0,0,0,13.0,Second,True,0
335,0,3,0,10.0,0,2,24.15,Third,False,0
336,0,3,1,21.0,0,0,7.7333,Third,True,2
337,0,3,1,29.0,0,0,7.875,Third,True,0
338,0,3,0,28.0,1,1,14.4,Third,False,0
339,0,3,1,18.0,1,1,20.2125,Third,False,0
340,1,2,0,28.0,1,0,26.0,Second,False,0
341,1,2,0,19.0,0,0,26.0,Second,True,0
342,1,3,1,32.0,0,0,8.05,Third,True,0
343,1,1,1,28.0,0,0,26.55,First,True,0
344,1,2,0,42.0,1,0,26.0,Second,False,0
345,0,3,1,17.0,0,0,7.125,Third,True,0
346,0,1,1,50.0,1,0,55.9,First,False,0
347,1,1,0,14.0,1,2,120.0,First,False,0
348,0,3,0,21.0,2,2,34.375,Third,False,0
349,1,2,0,24.0,2,3,18.75,Second,False,0
350,0,1,1,64.0,1,4,263.0,First,False,0
351,0,2,1,31.0,0,0,10.5,Second,True,0
352,1,2,0,45.0,1,1,26.25,Second,False,0
353,0,3,1,20.0,0,0,9.5,Third,True,0
354,0,3,1,25.0,1,0,7.775,Third,False,0
355,1,2,0,28.0,0,0,13.0,Second,True,0
356,1,1,1,4.0,0,2,81.8583,First,False,0
357,1,2,0,13.0,0,1,19.5,Second,False,0
358,1,1,1,34.0,0,0,26.55,First,True,0
359,1,3,0,5.0,2,1,19.2583,Third,False,1
360,1,1,1,52.0,0,0,30.5,First,True,0
361,0,2,1,36.0,1,2,27.75,Second,False,0
362,0,1,1,30.0,0,0,27.75,First,True,1
363,1,1,1,49.0,1,0,89.1042,First,False,1
364,1,3,1,29.0,0,0,7.8958,Third,True,1
365,0,1,1,65.0,0,0,26.55,First,True,0
366,1,2,0,50.0,0,0,10.5,Second,True,0
367,1,1,1,48.0,0,0,26.55,First,True,0
368,0,3,1,34.0,0,0,8.05,Third,True,0
369,0,1,1,47.0,0,0,38.5,First,True,0
370,0,2,1,48.0,0,0,13.0,Second,True,0
371,0,3,1,38.0,0,0,7.05,Third,True,0
372,0,1,1,56.0,0,0,26.55,First,True,0
373,1,3,0,0.75,2,1,19.2583,Third,False,1
374,0,3,1,38.0,0,0,8.6625,Third,True,0
375,1,2,0,33.0,1,2,27.75,Second,False,0
376,1,2,0,23.0,0,0,13.7917,Second,True,1
377,0,3,0,22.0,0,0,9.8375,Third,True,0
378,0,2,1,34.0,1,0,21.0,Second,False,0
379,0,3,1,29.0,1,0,7.0458,Third,False,0
380,0,3,1,22.0,0,0,7.5208,Third,True,0
381,1,3,0,2.0,0,1,12.2875,Third,False,0
382,0,3,1,9.0,5,2,46.9,Third,False,0
383,0,3,1,50.0,0,0,8.05,Third,True,0
384,1,3,0,63.0,0,0,9.5875,Third,True,0
385,1,1,1,25.0,1,0,91.0792,First,False,1
386,1,1,0,35.0,1,0,90.0,First,False,0
387,0,1,1,58.0,0,0,29.7,First,True,1
388,0,3,1,30.0,0,0,8.05,Third,True,0
389,1,3,1,9.0,1,1,15.9,Third,False,0
390,0,3,1,21.0,0,0,7.25,Third,True,0
391,0,1,1,55.0,0,0,30.5,First,True,0
392,0,1,1,71.0,0,0,49.5042,First,True,1
393,0,3,1,21.0,0,0,8.05,Third,True,0
394,1,1,0,54.0,1,0,78.2667,First,False,1
395,0,1,0,25.0,1,2,151.55,First,False,0
396,0,3,1,24.0,0,0,7.7958,Third,True,0
397,0,3,1,17.0,0,0,8.6625,Third,True,0
398,0,3,0,21.0,0,0,7.75,Third,True,2
399,0,3,0,37.0,0,0,9.5875,Third,True,0
400,1,1,0,16.0,0,0,86.5,First,True,0
401,0,1,1,18.0,1,0,108.9,First,False,1
402,1,2,0,33.0,0,2,26.0,Second,False,0
403,0,3,1,28.0,0,0,22.525,Third,True,0
404,1,3,1,26.0,0,0,56.4958,Third,True,0
405,1,3,1,29.0,0,0,7.75,Third,True,2
406,1,1,1,36.0,0,0,26.2875,First,True,0
407,1,1,0,54.0,1,0,59.4,First,False,1
408,0,3,1,24.0,0,0,7.4958,Third,True,0
409,0,1,1,47.0,0,0,34.0208,First,True,0
410,1,2,0,34.0,0,0,10.5,Second,True,0
411,1,2,0,36.0,1,0,26.0,Second,False,0
412,0,3,1,32.0,0,0,7.8958,Third,True,0
413,1,1,0,30.0,0,0,93.5,First,True,0
414,0,3,1,22.0,0,0,7.8958,Third,True,0
415,1,1,0,44.0,0,1,57.9792,First,False,1
416,0,3,1,40.5,0,0,7.75,Third,True,2
417,1,2,0,50.0,0,0,10.5,Second,True,0
418,0,3,1,39.0,0,0,7.925,Third,True,0
419,0,2,1,23.0,2,1,11.5,Second,False,0
420,1,2,0,2.0,1,1,26.0,Second,False,0
421,0,3,1,17.0,1,1,7.2292,Third,False,1
422,0,3,0,30.0,0,0,8.6625,Third,True,0
423,1,2,0,7.0,0,2,26.25,Second,False,0
424,0,1,1,45.0,0,0,26.55,First,True,0
425,1,1,0,30.0,0,0,106.425,First,True,1
426,1,1,0,22.0,0,2,49.5,First,False,1
427,1,1,0,36.0,0,2,71.0,First,False,0
428,0,3,0,9.0,4,2,31.275,Third,False,0
429,0,3,0,11.0,4,2,31.275,Third,False,0
430,1,2,1,32.0,1,0,26.0,Second,False,0
431,0,1,1,50.0,1,0,106.425,First,False,1
432,0,1,1,64.0,0,0,26.0,First,True,0
433,1,2,0,19.0,1,0,26.0,Second,False,0
434,0,3,1,33.0,1,1,20.525,Third,False,0
435,1,2,1,8.0,1,1,36.75,Second,False,0
436,1,1,1,17.0,0,2,110.8833,First,False,1
437,0,2,1,27.0,0,0,26.0,Second,True,0
438,1,3,1,22.0,0,0,7.225,Third,True,1
439,1,3,0,22.0,0,0,7.775,Third,True,0
440,0,1,1,62.0,0,0,26.55,First,True,0
441,1,1,0,48.0,1,0,39.6,First,False,1
442,1,1,0,39.0,1,1,79.65,First,False,0
443,1,3,0,36.0,1,0,17.4,Third,False,0
444,0,3,1,40.0,0,0,7.8958,Third,True,0
445,0,2,1,28.0,0,0,13.5,Second,True,0
446,0,3,1,24.0,2,0,24.15,Third,False,0
447,0,3,1,19.0,0,0,7.8958,Third,True,0
448,0,3,0,29.0,0,4,21.075,Third,False,0
449,1,3,1,32.0,0,0,7.8542,Third,True,0
450,1,2,1,62.0,0,0,10.5,Second,True,0
451,1,1,0,53.0,2,0,51.4792,First,False,0
452,1,1,1,36.0,0,0,26.3875,First,True,0
453,0,3,1,16.0,0,0,8.05,Third,True,0
454,0,3,1,19.0,0,0,14.5,Third,True,0
455,1,2,0,34.0,0,0,13.0,Second,True,0
456,1,1,0,39.0,1,0,55.9,First,False,0
457,1,3,1,32.0,0,0,7.925,Third,True,0
458,1,2,0,25.0,1,1,30.0,Second,False,0
459,1,1,0,39.0,1,1,110.8833,First,False,1
460,0,2,1,54.0,0,0,26.0,Second,True,0
461,0,1,1,36.0,0,0,40.125,First,True,1
462,1,1,0,18.0,0,2,79.65,First,False,0
463,0,2,1,47.0,0,0,15.0,Second,True,0
464,1,1,1,60.0,1,1,79.2,First,False,1
465,0,3,1,22.0,0,0,8.05,Third,True,0
466,0,3,1,35.0,0,0,7.125,Third,True,0
467,1,1,0,52.0,1,0,78.2667,First,False,1
468,0,3,1,47.0,0,0,7.25,Third,True,0
469,0,2,1,37.0,1,0,26.0,Second,False,0
470,0,3,1,36.0,1,1,24.15,Third,False,0
471,0,3,1,49.0,0,0,0.0,Third,True,0
472,1,1,1,49.0,1,0,56.9292,First,False,1
473,1,2,0,24.0,2,1,27.0,Second,False,0
474,0,3,1,44.0,0,0,8.05,Third,True,0
475,1,1,1,35.0,0,0,26.55,First,True,1
476,0,3,1,36.0,1,0,15.55,Third,False,0
477,0,3,1,30.0,0,0,7.8958,Third,True,0
478,1,1,1,27.0,0,0,30.5,First,True,0
479,1,2,0,22.0,1,2,41.5792,Second,False,1
480,1,1,0,40.0,0,0,153.4625,First,True,0
481,0,3,0,39.0,1,5,31.275,Third,False,0
482,0,3,1,35.0,0,0,8.05,Third,True,0
483,1,2,0,24.0,1,2,65.0,Second,False,0
484,0,3,1,34.0,1,1,14.4,Third,False,0
485,0,3,0,26.0,1,0,16.1,Third,False,0
486,1,2,0,4.0,2,1,39.0,Second,False,0
487,0,2,1,26.0,0,0,10.5,Second,True,0
488,0,3,1,27.0,1,0,14.4542,Third,False,1
489,1,1,1,42.0,1,0,52.5542,First,False,0
490,1,3,1,20.0,1,1,15.7417,Third,False,1
491,0,3,1,21.0,0,0,7.8542,Third,True,0
492,0,3,1,21.0,0,0,16.1,Third,True,0
493,0,1,1,61.0,0,0,32.3208,First,True,0
494,0,2,1,57.0,0,0,12.35,Second,True,2
495,1,1,0,21.0,0,0,77.9583,First,True,0
496,0,3,1,26.0,0,0,7.8958,Third,True,0
497,1,1,1,80.0,0,0,30.0,First,True,0
498,0,3,1,51.0,0,0,7.0542,Third,True,0
499,1,1,1,32.0,0,0,30.5,First,True,1
500,0,3,0,9.0,3,2,27.9,Third,False,0
501,1,2,0,28.0,0,0,13.0,Second,True,0
502,0,3,1,32.0,0,0,7.925,Third,True,0
503,0,2,1,31.0,1,1,26.25,Second,False,0
504,0,3,0,41.0,0,5,39.6875,Third,False,0
505,0,3,1,20.0,0,0,7.8542,Third,True,0
506,1,1,0,24.0,0,0,69.3,First,True,1
507,0,3,0,2.0,3,2,27.9,Third,False,0
508,1,3,0,0.75,2,1,19.2583,Third,False,1
509,1,1,1,48.0,1,0,76.7292,First,False,1
510,0,3,1,19.0,0,0,7.8958,Third,True,0
511,1,1,1,56.0,0,0,35.5,First,True,1
512,1,3,0,23.0,0,0,7.55,Third,True,0
513,1,2,0,18.0,0,1,23.0,Second,False,0
514,0,3,1,21.0,0,0,8.4333,Third,True,0
515,0,3,0,18.0,0,0,6.75,Third,True,2
516,0,2,1,24.0,2,0,73.5,Second,False,0
517,0,3,0,32.0,1,1,15.5,Third,False,2
518,0,2,1,23.0,0,0,13.0,Second,True,0
519,0,1,1,58.0,0,2,113.275,First,False,1
520,1,1,1,50.0,2,0,133.65,First,False,0
521,0,3,1,40.0,0,0,7.225,Third,True,1
522,0,1,1,47.0,0,0,25.5875,First,True,0
523,0,3,1,36.0,0,0,7.4958,Third,True,0
524,1,3,1,20.0,1,0,7.925,Third,False,0
525,0,2,1,32.0,2,0,73.5,Second,False,0
526,0,2,1,25.0,0,0,13.0,Second,True,0
527,0,3,1,43.0,0,0,8.05,Third,True,0
528,1,2,0,40.0,1,1,39.0,Second,False,0
529,0,1,1,31.0,1,0,52.0,First,False,0
530,0,2,1,70.0,0,0,10.5,Second,True,0
531,1,2,1,31.0,0,0,13.0,Second,True,0
532,0,3,1,18.0,0,0,7.775,Third,True,0
533,0,3,1,24.5,0,0,8.05,Third,True,0
534,1,3,0,18.0,0,0,9.8417,Third,True,0
535,0,3,0,43.0,1,6,46.9,Third,False,0
536,1,1,1,36.0,0,1,512.3292,First,False,1
537,1,1,1,27.0,0,0,76.7292,First,True,1
538,0,3,1,20.0,0,0,9.225,Third,True,0
539,0,3,1,14.0,5,2,46.9,Third,False,0
540,0,2,1,60.0,1,1,39.0,Second,False,0
541,0,2,1,25.0,1,2,41.5792,Second,False,1
542,0,3,1,14.0,4,1,39.6875,Third,False,0
543,0,3,1,19.0,0,0,10.1708,Third,True,0
544,0,3,1,18.0,0,0,7.7958,Third,True,0
545,1,1,0,15.0,0,1,211.3375,First,False,0
546,1,1,1,31.0,1,0,57.0,First,False,0
547,1,3,0,4.0,0,1,13.4167,Third,False,1
548,0,3,1,25.0,0,0,7.225,Third,True,1
549,0,1,1,60.0,0,0,26.55,First,True,0
550,0,2,1,52.0,0,0,13.5,Second,True,0
551,0,3,1,44.0,0,0,8.05,Third,True,0
552,0,1,1,49.0,1,1,110.8833,First,False,1
553,0,3,1,42.0,0,0,7.65,Third,True,0
554,1,1,0,18.0,1,0,227.525,First,False,1
555,1,1,1,35.0,0,0,26.2875,First,True,0
556,0,3,0,18.0,0,1,14.4542,Third,False,1
557,0,3,1,25.0,0,0,7.7417,Third,True,2
558,0,3,1,26.0,1,0,7.8542,Third,False,0
559,0,2,1,39.0,0,0,26.0,Second,True,0
560,1,2,0,45.0,0,0,13.5,Second,True,0
561,1,1,1,42.0,0,0,26.2875,First,True,0
562,1,1,0,22.0,0,0,151.55,First,True,0
563,1,1,0,24.0,0,0,49.5042,First,True,1
564,1,1,1,48.0,1,0,52.0,First,False,0
565,0,3,1,29.0,0,0,9.4833,Third,True,0
566,0,2,1,52.0,0,0,13.0,Second,True,0
567,0,3,1,19.0,0,0,7.65,Third,True,0
568,1,1,0,38.0,0,0,227.525,First,True,1
569,1,2,0,27.0,0,0,10.5,Second,True,0
570,0,3,1,33.0,0,0,7.775,Third,True,0
571,1,2,0,6.0,0,1,33.0,Second,False,0
572,0,3,1,17.0,1,0,7.0542,Third,False,0
573,0,2,1,34.0,0,0,13.0,Second,True,0
574,0,2,1,50.0,0,0,13.0,Second,True,0
575,1,1,1,27.0,1,0,53.1,First,False,0
576,0,3,1,20.0,0,0,8.6625,Third,True,0
577,1,2,0,30.0,3,0,21.0,Second,False,0
578,0,2,1,25.0,1,0,26.0,Second,False,0
579,0,3,0,25.0,1,0,7.925,Third,False,0
580,1,1,0,29.0,0,0,211.3375,First,True,0
581,0,3,1,11.0,0,0,18.7875,Third,True,1
582,0,2,1,23.0,0,0,13.0,Second,True,0
583,0,2,1,23.0,0,0,13.0,Second,True,0
584,0,3,1,28.5,0,0,16.1,Third,True,0
585,0,3,0,48.0,1,3,34.375,Third,False,0
586,1,1,1,35.0,0,0,512.3292,First,True,1
587,0,1,1,36.0,1,0,78.85,First,False,0
588,1,1,0,21.0,2,2,262.375,First,False,1
589,0,3,1,24.0,1,0,16.1,Third,False,0
590,1,3,1,31.0,0,0,7.925,Third,True,0
591,0,1,1,70.0,1,1,71.0,First,False,0
592,0,3,1,16.0,1,1,20.25,Third,False,0
593,1,2,0,30.0,0,0,13.0,Second,True,0
594,0,1,1,19.0,1,0,53.1,First,False,0
595,0,3,1,31.0,0,0,7.75,Third,True,2
596,1,2,0,4.0,1,1,23.0,Second,False,0
597,1,3,1,6.0,0,1,12.475,Third,False,0
598,0,3,1,33.0,0,0,9.5,Third,True,0
599,0,3,1,23.0,0,0,7.8958,Third,True,0
600,1,2,0,48.0,1,2,65.0,Second,False,0
601,1,2,1,0.67,1,1,14.5,Second,False,0
602,0,3,1,28.0,0,0,7.7958,Third,True,0
603,0,2,1,18.0,0,0,11.5,Second,True,0
604,0,3,1,34.0,0,0,8.05,Third,True,0
605,1,1,0,33.0,0,0,86.5,First,True,0
606,0,3,1,41.0,0,0,7.125,Third,True,0
607,1,3,1,20.0,0,0,7.2292,Third,True,1
608,1,1,0,36.0,1,2,120.0,First,False,0
609,0,3,1,16.0,0,0,7.775,Third,True,0
610,1,1,0,51.0,1,0,77.9583,First,False,0
611,0,3,0,30.5,0,0,7.75,Third,True,2
612,0,3,1,32.0,0,0,8.3625,Third,True,0
613,0,3,1,24.0,0,0,9.5,Third,True,0
614,0,3,1,48.0,0,0,7.8542,Third,True,0
615,0,2,0,57.0,0,0,10.5,Second,True,0
616,1,2,0,54.0,1,3,23.0,Second,False,0
617,0,3,1,18.0,0,0,7.75,Third,True,0
618,1,3,0,5.0,0,0,12.475,Third,True,0
619,1,1,0,43.0,0,1,211.3375,First,False,0
620,1,3,0,13.0,0,0,7.2292,Third,True,1
621,1,1,0,17.0,1,0,57.0,First,False,0
622,0,1,1,29.0,0,0,30.0,First,True,0
623,0,3,1,25.0,0,0,7.05,Third,True,0
624,0,3,1,25.0,0,0,7.25,Third,True,0
625,1,3,0,18.0,0,0,7.4958,Third,True,0
626,0,3,1,8.0,4,1,29.125,Third,False,2
627,1,3,1,1.0,1,2,20.575,Third,False,0
628,0,1,1,46.0,0,0,79.2,First,True,1
629,0,2,1,16.0,0,0,26.0,Second,True,0
630,0,3,1,25.0,0,0,7.8958,Third,True,0
631,0,2,1,39.0,0,0,13.0,Second,True,0
632,1,1,0,49.0,0,0,25.9292,First,True,0
633,1,3,0,31.0,0,0,8.6833,Third,True,0
634,0,3,1,30.0,0,0,7.2292,Third,True,1
635,0,3,0,30.0,1,1,24.15,Third,False,0
636,0,2,1,34.0,0,0,13.0,Second,True,0
637,1,2,0,31.0,1,1,26.25,Second,False,0
638,1,1,1,11.0,1,2,120.0,First,False,0
639,1,3,1,0.42,0,1,8.5167,Third,False,1
640,1,3,1,27.0,0,0,6.975,Third,True,0
641,0,3,1,31.0,0,0,7.775,Third,True,0
642,0,1,1,39.0,0,0,0.0,First,True,0
643,0,3,0,18.0,0,0,7.775,Third,True,0
644,0,2,1,39.0,0,0,13.0,Second,True,0
645,1,1,0,33.0,1,0,53.1,First,False,0
646,0,3,1,26.0,0,0,7.8875,Third,True,0
647,0,3,1,39.0,0,0,24.15,Third,True,0
648,0,2,1,35.0,0,0,10.5,Second,True,0
649,0,3,0,6.0,4,2,31.275,Third,False,0
650,0,3,1,30.5,0,0,8.05,Third,True,0
651,0,3,0,23.0,0,0,7.925,Third,True,0
652,0,2,1,31.0,1,1,37.0042,Second,False,1
653,0,3,1,43.0,0,0,6.45,Third,True,0
654,0,3,1,10.0,3,2,27.9,Third,False,0
655,1,1,0,52.0,1,1,93.5,First,False,0
656,1,3,1,27.0,0,0,8.6625,Third,True,0
657,0,1,1,38.0,0,0,0.0,First,True,0
658,1,3,0,27.0,0,1,12.475,Third,False,0
659,0,3,1,2.0,4,1,39.6875,Third,False,0
660,1,2,1,1.0,0,2,37.0042,Second,False,1
661,1,3,0,15.0,1,0,14.4542,Third,False,1
662,1,2,1,0.83,1,1,18.75,Second,False,0
663,0,3,1,23.0,0,0,7.8542,Third,True,0
664,0,3,1,18.0,0,0,8.3,Third,True,0
665,1,1,0,39.0,1,1,83.1583,First,False,1
666,0,3,1,21.0,0,0,8.6625,Third,True,0
667,1,3,1,32.0,0,0,56.4958,Third,True,0
668,0,3,1,20.0,0,0,7.925,Third,True,0
669,0,2,1,16.0,0,0,10.5,Second,True,0
670,1,1,0,30.0,0,0,31.0,First,True,1
671,0,3,1,34.5,0,0,6.4375,Third,True,1
672,0,3,1,17.0,0,0,8.6625,Third,True,0
673,0,3,1,42.0,0,0,7.55,Third,True,0
674,0,3,1,35.0,0,0,7.8958,Third,True,1
675,0,2,1,28.0,0,1,33.0,Second,False,0
676,0,3,1,4.0,4,2,31.275,Third,False,0
677,0,3,1,74.0,0,0,7.775,Third,True,0
678,0,3,0,9.0,1,1,15.2458,Third,False,1
679,1,1,0,16.0,0,1,39.4,First,False,0
680,0,2,0,44.0,1,0,26.0,Second,False,0
681,1,3,0,18.0,0,1,9.35,Third,False,0
682,1,1,0,45.0,1,1,164.8667,First,False,0
683,1,1,1,51.0,0,0,26.55,First,True,0
684,1,3,0,24.0,0,3,19.2583,Third,False,1
685,0,3,1,41.0,2,0,14.1083,Third,False,0
686,0,2,1,21.0,1,0,11.5,Second,False,0
687,1,1,0,48.0,0,0,25.9292,First,True,0
688,0,2,1,24.0,0,0,13.0,Second,True,0
689,1,2,0,42.0,0,0,13.0,Second,True,0
690,1,2,0,27.0,1,0,13.8583,Second,False,1
691,0,1,1,31.0,0,0,50.4958,First,True,0
692,1,3,1,4.0,1,1,11.1333,Third,False,0
693,0,3,1,26.0,0,0,7.8958,Third,True,0
694,1,1,0,47.0,1,1,52.5542,First,False,0
695,0,1,1,33.0,0,0,5.0,First,True,0
696,0,3,1,47.0,0,0,9.0,Third,True,0
697,1,2,0,28.0,1,0,24.0,Second,False,1
698,1,3,0,15.0,0,0,7.225,Third,True,1
699,0,3,1,20.0,0,0,9.8458,Third,True,0
700,0,3,1,19.0,0,0,7.8958,Third,True,0
701,1,1,0,56.0,0,1,83.1583,First,False,1
702,1,2,0,25.0,0,1,26.0,Second,False,0
703,0,3,1,33.0,0,0,7.8958,Third,True,0
704,0,3,0,22.0,0,0,10.5167,Third,True,0
705,0,2,1,28.0,0,0,10.5,Second,True,0
706,0,3,1,25.0,0,0,7.05,Third,True,0
707,0,3,0,39.0,0,5,29.125,Third,False,2
708,0,2,1,27.0,0,0,13.0,Second,True,0
709,1,1,0,19.0,0,0,30.0,First,True,0
710,1,1,1,26.0,0,0,30.0,First,True,1
711,0,3,1,32.0,0,0,7.75,Third,True,2
712,1,1,0,23.73187751204853,0,0,69.2427552466368,First,True,1
713,1,1,0,54.49321017674591,1,0,78.12451028475787,First,False,1
714,0,1,1,52.500278692961594,1,1,78.71157178100242,First,False,0
715,1,1,0,18.065282991458215,2,2,260.7828957075055,First,False,1
716,0,2,1,26.782900274450903,0,0,26.62916007496615,Second,True,0
717,1,1,1,17.654031957423992,0,2,111.66441038847039,First,False,1
718,1,3,0,35.199226958623,1,1,19.286682567389473,Third,False,0
719,1,1,0,58.28527408216834,0,1,151.7745032279082,First,False,0
720,0,1,1,47.04933705284252,0,0,53.26684095777343,First,True,0
721,1,3,0,21.52352933398079,0,0,8.345901573962264,Third,True,0
722,0,3,1,17.241042114102754,0,0,7.253135365533677,Third,True,0
723,0,2,1,51.22252736636842,0,0,13.654410667973584,Second,True,0
724,0,3,1,21.98060265090732,0,0,8.460816573516682,Third,True,0
725,0,2,1,30.5985771018888,1,1,37.793390486199144,Second,False,1
726,0,3,0,31.647106875413897,1,1,15.062131708856995,Third,False,2
727,0,3,1,34.529017000304705,0,0,8.71552990344468,Third,True,0
728,1,2,0,17.84867055542093,0,0,12.142742288569806,Second,True,0
729,1,3,1,26.518300688165507,0,0,56.986920998310396,Third,True,0
730,1,1,0,23.15058825636217,1,0,112.1529340375867,First,False,1
731,1,2,0,16.720368378199627,0,2,13.902123784911021,Second,False,0
732,0,3,1,19.7996237677981,0,0,8.50350524074103,Third,True,0
733,1,2,0,48.03632237334223,0,1,26.71490995062111,Second,False,0
734,1,1,0,15.702516350715312,0,1,210.92197588755758,First,False,0
735,0,2,1,23.771565996593672,2,0,72.43568140719115,Second,False,0
736,0,3,1,29.674408681265596,0,0,7.473897831524815,Third,True,0
737,0,3,0,9.542830571564158,1,1,15.223992021389178,Third,False,1
738,0,3,1,14.396260582239027,1,3,34.32095143417098,Third,False,0
739,1,3,0,13.158652771738698,0,0,8.682680909952536,Third,True,1
740,0,3,1,30.22526901751081,0,0,7.568818676952462,Third,True,0
741,1,1,1,5.516001552164317,0,2,82.7867802663552,First,False,0
742,1,2,0,28.367288362601823,1,0,27.154683966410055,Second,False,0
743,0,3,1,38.69636650923791,1,1,16.091843796661795,Third,False,2
744,0,3,1,28.643842784188056,0,0,9.06204995879362,Third,True,0
745,0,3,1,20.3019278330102,0,0,8.650839462589841,Third,True,0
746,0,1,1,45.23690341663984,2,0,88.9967256212787,First,False,2
747,0,2,1,38.1416462367899,0,2,26.48912174044948,Second,False,0
748,0,3,1,-0.07642916191181581,4,1,39.809860273799124,Third,False,0
749,0,1,0,-0.15304025398221643,1,2,151.35944390775586,First,False,0
750,1,1,0,59.37951388976006,0,0,145.41026718422447,First,True,1
751,1,3,1,20.22317627505865,0,0,7.408986894827339,Third,True,1
752,1,1,1,37.43063178924294,0,1,510.8935337909506,First,False,1
753,1,3,1,3.0456683950617807,4,2,30.964856408956354,Third,False,0
754,0,3,1,42.833693393280164,0,0,7.540703008727998,Third,True,0
755,0,3,1,58.261178785874016,0,0,6.715306572832826,Third,True,0
756,0,3,1,33.11490362551983,1,1,20.429189307808137,Third,False,0
757,1,3,1,43.46835913806249,0,0,9.067037726148357,Third,True,0
758,0,3,1,19.810165453724313,0,0,9.400145956555003,Third,True,0
759,0,3,0,47.28679492189453,1,3,34.37128532324191,Third,False,0
760,0,2,1,20.35098378772627,0,0,71.60839239434164,Second,True,0
761,0,3,1,11.190350174733563,0,0,16.78169248085377,Third,True,1
762,0,2,1,33.17448216224359,1,0,21.591390190085477,Second,False,0
763,1,3,1,31.200143244956305,0,0,6.981434312473794,Third,True,0
764,0,3,0,26.831397324995294,0,0,7.29511743701039,Third,True,0
765,0,3,1,27.94254906080709,0,0,7.61099928233808,Third,True,0
766,0,3,1,43.65952963282263,0,0,7.139550309706281,Third,True,0
767,1,1,0,59.75752670464508,0,0,25.889901636443877,First,True,0
768,1,1,1,48.72450435244658,1,0,88.32890318735625,First,False,1
769,1,2,1,1.7255422051560791,0,2,38.253360805113104,Second,False,1
770,0,3,1,24.867153521521782,1,0,8.455321955243647,Third,False,0
771,0,1,1,59.50593939899056,0,0,34.68574384143128,First,True,0
772,1,2,1,2.619249094314701,2,1,38.03652401365994,Second,False,0
773,0,1,1,26.80564398036242,0,2,211.60466506912746,First,False,1
774,0,3,1,39.95515607648408,0,0,7.2357150624893345,Third,True,0
775,1,1,0,50.41211556569015,0,0,26.25601971932709,First,True,0
776,0,3,1,25.309630022964804,1,0,16.940986549369217,Third,False,0
777,0,3,1,26.217737402364058,0,0,10.299939181573412,Third,True,0
778,0,3,1,26.161649378332594,0,0,7.1657017312522395,Third,True,0
779,0,3,1,5.100849319043579,4,1,28.396357489588908,Third,False,2
780,1,2,0,0.02618500569026927,1,1,25.407538838467296,Second,False,0
781,0,3,1,21.096774083909107,0,0,8.034705084441176,Third,True,2
782,1,3,0,1.934882208910431,0,1,13.567237021230971,Third,False,0
783,1,1,1,36.500294190758545,1,2,118.16865468416711,First,False,0
784,0,2,1,54.931809716306496,0,0,11.255375509347841,Second,True,2
785,0,3,1,25.00494945742665,0,0,7.519916436761051,Third,True,0
786,0,1,1,49.31075924591073,1,0,54.95104192919773,First,False,0
787,0,1,1,46.222239812116726,0,0,27.388886460550342,First,True,0
788,0,1,1,21.374454504841694,0,1,76.62563343882627,First,False,0
789,0,3,0,40.37501395880907,1,0,11.315646406282553,Third,False,0
790,1,1,1,34.2014479596607,1,1,53.13150216167917,First,False,0
791,1,2,0,34.37221362630628,1,1,31.019605493320668,Second,False,0
792,1,3,1,28.33373777763702,0,0,7.037220780689926,Third,True,2
793,1,1,0,32.633870264404344,1,0,52.09123130715002,First,False,0
794,1,1,0,60.72174009403739,1,0,75.78851894467867,First,False,1
795,1,3,1,18.68501434607622,0,0,8.830288930858844,Third,True,0
796,0,3,1,25.372002901486578,1,0,14.821393419751782,Third,False,1
797,0,2,1,35.44078766293745,0,0,12.78552050360701,Second,True,1
798,1,2,1,3.5981908931726188,1,1,17.463205162133836,Second,False,0
799,1,1,0,14.7213737486363,0,1,57.88085331360603,First,False,1
800,0,2,1,35.60629688407267,1,0,27.221605165939046,Second,False,0
801,1,3,0,25.286703380422658,0,0,7.365143555613687,Third,True,0
802,0,3,1,21.2231907719065,0,0,7.207861304587438,Third,True,0
803,0,3,1,33.06112290037968,0,0,9.7636264850968,Third,True,1
804,0,3,1,14.457376249391777,0,0,8.728278798485396,Third,True,0
805,0,3,0,39.68035002827635,0,5,29.22735765487697,Third,False,2
806,0,1,1,53.754943033329155,0,1,75.56790980431204,First,False,0
807,1,2,0,26.338070907264818,1,0,25.9411309945715,Second,False,0
808,1,1,0,30.748135631123787,0,0,105.5954644924515,First,True,1
809,0,3,1,31.906654782042953,0,0,7.9883644392559585,Third,True,1
810,1,1,0,32.115738904372414,0,0,77.71219834029823,First,True,1
811,0,2,0,42.956832035152715,1,0,26.608075735525144,Second,False,0
812,1,1,0,62.45604779077619,1,0,78.93710402428084,First,False,0
813,0,2,1,26.12673753261778,0,0,13.589179968143927,Second,True,0
814,1,1,0,39.19508918268129,0,0,227.36285171154844,First,True,1
815,0,1,1,58.54572147546604,0,2,114.84563110686051,First,False,1
816,0,3,0,45.25826400104152,1,4,27.898769419100866,Third,False,0
817,0,3,1,69.410780299043,0,0,7.810601943161639,Third,True,2
818,1,3,1,4.7773838099106785,0,1,10.885629621080833,Third,False,0
819,0,2,1,45.8330541493948,0,0,26.178229874907114,Second,True,0
820,0,3,1,27.795064781144116,1,0,15.036068598368074,Third,False,0
821,0,3,1,22.053309434871643,0,0,7.9077856537561715,Third,True,0
822,1,3,1,20.336487156386635,1,1,15.90671235746657,Third,False,1
823,1,3,0,12.499916013107095,1,0,9.942519012772722,Third,False,1
824,0,3,1,19.471650295622936,0,0,7.910063085355101,Third,True,0
825,1,2,1,18.123908407469695,0,0,9.3857039778644,Second,True,0
826,1,1,1,33.89786066898578,0,0,511.66180147971824,First,True,1
827,0,3,1,10.095699382427433,5,2,45.7717016150982,Third,False,0
828,0,3,1,34.115525895173725,0,0,8.189833649191357,Third,True,0
829,0,1,1,45.4497076324081,1,0,61.15666048578321,First,False,0
830,1,1,0,51.70060928010526,2,0,51.00828820406743,First,False,0
831,0,3,0,23.930467802855127,0,0,10.629775726990822,Third,True,0
832,1,3,1,28.216439903788146,0,0,18.430028556464393,Third,True,1
833,1,3,0,2.695941228025905,0,1,15.472143641908191,Third,False,1
834,1,1,0,52.63347391196241,1,0,77.52012965258021,First,False,0
835,1,3,0,13.275485882543224,0,0,9.40948865625015,Third,True,2
836,0,3,0,41.859303528642926,0,2,20.49579559300274,Third,False,0
837,1,2,0,39.85386545770012,1,1,38.53766123032947,Second,False,0
838,1,2,1,31.431712235198468,0,0,13.924485614959421,Second,True,0
839,1,3,0,26.45269716755792,0,1,12.212724841264512,Third,False,0
840,0,3,1,15.65398455914607,4,1,39.396219532177305,Third,False,0
841,1,3,0,11.7240307450277,0,0,7.253493061914674,Third,True,1
842,1,2,0,55.59070116449787,1,3,23.49622544724053,Second,False,0
843,0,1,1,46.34200725322296,0,0,32.60619507400988,First,True,0
844,0,3,1,0.7961858618504607,3,1,19.526702202564685,Third,False,0
845,0,2,1,16.003878975711928,0,0,25.13122352061731,Second,True,0
846,0,3,1,19.758579813148174,0,0,6.942399956901025,Third,True,0
847,0,3,1,27.380004393509854,0,0,9.928366418332013,Third,True,0
848,0,2,1,31.953705274780766,0,0,10.88723562841758,Second,True,0
849,1,3,1,8.42035680160046,0,2,18.592769827697676,Third,False,0
850,0,3,0,45.31838551331582,0,1,14.946480214293901,Third,False,1
851,1,2,0,21.850428733333928,0,0,10.761892413653225,Second,True,0
852,0,1,1,35.676724508754184,1,0,52.48796261390225,First,False,0
853,1,2,0,18.097915375422538,0,1,22.43453119346167,Second,False,0
854,1,3,1,33.069016886330466,0,0,56.556267776928195,Third,True,0
855,1,2,0,32.9038779533618,1,2,30.48811866644283,Second,False,0
856,1,2,0,40.00461185211133,1,0,22.59523628093302,Second,False,0
857,0,2,1,24.588696015947956,0,0,13.698084998999299,Second,True,0
858,0,1,1,40.60623824121903,0,0,25.626262783402872,First,True,1
859,1,1,0,18.806200230712992,1,0,90.97560419642475,First,False,1
860,1,2,0,42.495618664633895,0,0,12.539485649646531,Second,True,0
861,0,2,1,30.407253713112564,1,0,23.175571953537254,Second,False,1
862,1,1,1,25.041224074544623,1,0,57.07973176924287,First,False,1
863,1,1,0,37.611587979700474,1,1,85.40883012900662,First,False,1
864,0,1,1,25.30702040053938,0,0,79.33252818356203,First,True,1
865,1,3,0,21.648109973476977,0,0,6.818504737451248,Third,True,0
866,0,3,1,26.763995462717183,2,0,7.88314289051881,Third,False,0
867,0,3,1,15.92921805181856,0,0,7.476394270258912,Third,True,0
868,1,2,0,5.313531020184781,0,1,33.526519455707586,Second,False,0
869,0,2,1,52.21855623404249,0,0,12.94488639109815,Second,True,0
870,0,2,1,26.29660541118351,0,0,13.235094534110756,Second,True,0
871,0,2,0,25.03952695725689,1,1,24.989530227182765,Second,False,0
872,1,2,1,41.8260683533502,0,0,12.121090616873452,Second,True,0
873,1,1,0,32.3455090696156,0,2,165.5931982408092,First,False,0
874,1,2,1,33.74109359424638,0,0,14.997338426851273,Second,True,0
875,0,2,1,36.38492480672554,0,0,10.254699815503125,Second,True,0
876,1,2,0,27.82393149781869,0,0,13.039787681842737,Second,True,0
877,0,3,0,29.370235064383657,0,4,20.379229299849168,Third,False,0
878,0,1,1,47.94529270676305,1,1,110.13170552475245,First,False,1
879,1,3,1,29.870688471690816,0,0,8.762455097044484,Third,True,0
880,0,3,0,2.840184987722286,3,2,28.961220869135452,Third,False,0
881,0,1,0,25.775755467041616,1,2,152.4495428530493,First,False,0
882,0,3,0,18.012537375404808,2,0,18.879926067936506,Third,False,0
883,0,1,1,46.13930962779871,0,0,25.85198834858691,First,True,0
884,0,3,1,20.08035313520901,0,0,7.458068097713875,Third,True,0
885,1,2,0,22.57631835216095,1,1,30.58923103164152,Second,False,0
886,1,2,0,24.518897987289805,1,2,66.13054379583284,Second,False,0
887,1,1,0,39.69642162445357,1,0,56.14477156699634,First,False,0
888,0,1,1,39.92406700817312,0,0,0.35150476679396364,First,True,0
889,0,3,1,17.012993659974015,0,0,11.17728998259706,Third,True,0
890,0,3,1,22.98304323799269,0,0,8.450142035729485,Third,True,2
891,0,1,1,45.14623243761228,0,0,38.84086346683957,First,True,0
892,1,3,0,24.407688619528486,0,3,19.74687513926216,Third,False,1
893,1,3,1,32.28613327452664,0,0,8.371531100208891,Third,True,0
894,0,3,1,38.05800925802963,0,0,23.524348733865178,Third,True,0
895,1,3,1,16.642220207741325,0,0,7.195257023376694,Third,True,0
896,0,3,1,13.757299189358788,4,1,40.03910240030694,Third,False,0
897,0,3,0,27.48451778694469,1,0,16.565003162873086,Third,False,0
898,0,2,1,42.26862080488447,1,1,26.212209363852473,Second,False,0
899,0,3,1,50.27117536025368,0,0,6.515934922254376,Third,True,0
900,1,3,1,32.09316934293548,0,0,55.740607944340496,Third,True,0
901,0,3,1,31.635268043921844,1,0,15.534296117839993,Third,False,0
902,1,3,0,20.597794993521887,0,0,8.243603391241237,Third,True,0
903,0,3,1,26.7348879859545,0,0,6.625345235591378,Third,True,0
904,1,3,1,29.97997650018182,0,0,7.1994402290481005,Third,True,0
905,0,2,1,36.308057023040504,1,2,27.552891839662248,Second,False,0
906,0,3,1,33.53568874627351,0,0,7.416882460264101,Third,True,0
907,1,2,0,16.195490372795483,0,0,11.962629968246366,Second,True,1
908,1,1,0,21.615690826858135,0,2,51.152862109732276,First,False,1
909,1,2,0,27.361804524032156,1,0,27.34503003126575,Second,False,0
910,0,2,1,16.674318934199672,0,0,11.46567971168134,Second,True,0
911,1,3,1,1.8433923339316063,0,1,9.20690213571693,Third,False,1
912,0,3,1,29.269444854172466,0,0,6.379944517734737,Third,True,0
913,1,1,1,10.843113022983667,1,2,119.96751285453747,First,False,0
914,0,3,1,20.259717700795328,0,0,10.183301127629077,Third,True,0
915,0,1,1,24.5673577541958,0,1,247.40229229724122,First,False,1
916,1,3,0,28.189575735946175,0,2,10.504922493274947,Third,False,0
917,0,3,1,20.632599002560397,0,0,7.576495362634888,Third,True,0
918,0,2,1,23.485160944354412,1,0,24.73125460912309,Second,False,0
919,0,3,0,20.075083166903358,0,0,8.401757967814229,Third,True,2
920,0,3,1,24.86314098455362,0,0,8.7126316862373,Third,True,0
921,0,3,1,43.48312647022468,0,0,6.800802553467927,Third,True,0
922,0,3,1,20.520076896698562,0,0,7.8801034462356,Third,True,0
923,1,1,0,37.891508903557494,0,0,137.27306837618963,First,True,1
924,0,3,1,17.09450225718198,1,1,8.002072485463689,Third,False,0
925,0,3,1,20.415989788450013,0,0,7.637149358511397,Third,True,0
926,1,2,0,4.965757259029509,1,2,26.540037239934026,Second,False,0
927,0,3,1,28.431231812518064,0,0,7.7099594186106195,Third,True,1
928,0,1,1,73.20797251144668,0,0,33.833996291412056,First,True,1
929,0,3,1,25.927201955369966,0,0,7.625276353375376,Third,True,0
930,1,3,1,30.641524907488517,0,0,7.893185659240169,Third,True,0
931,0,1,1,28.402301708235644,0,0,29.738822742829242,First,True,0
932,1,1,0,23.255356859367247,3,2,263.25522623009346,First,False,0
933,0,3,1,17.996004867712884,0,0,6.976348614794268,Third,True,0
934,1,1,0,18.50795822952672,1,0,228.5289014172033,First,False,1
935,0,3,0,23.873412394648714,1,0,7.9521608661971275,Third,False,0
936,0,3,1,49.41671792211945,0,0,9.058716597080874,Third,True,0
937,0,1,1,29.893513415648894,0,0,28.893961784348743,First,True,1
938,0,3,1,9.626577797237214,3,2,27.734155794035647,Third,False,0
939,0,3,0,30.925428600453408,0,0,10.74305237236025,Third,True,0
940,1,1,0,38.86282005732609,1,1,80.48816730576036,First,False,0
941,0,1,1,32.607813687799855,1,0,51.99738721526311,First,False,0
942,0,2,1,28.261791943837476,0,0,16.099716840547224,Second,True,0
943,1,1,0,21.429430307514593,0,0,76.8818133391655,First,True,0
944,0,3,0,19.250155066405576,0,0,7.161605012459352,Third,True,2
945,0,3,1,39.1589835329253,0,0,7.252095312565376,Third,True,0
946,1,2,0,40.39336603566466,0,1,20.790583258353816,Second,False,0
947,0,1,1,62.81254994814815,0,0,31.286780705093076,First,True,0
948,0,3,1,37.45506006181408,0,0,7.924166559396113,Third,True,0
949,0,2,1,23.840712406961682,0,0,9.144717935614933,Second,True,0
950,1,2,0,19.642562894747567,1,2,40.80520639105305,Second,False,1
951,0,3,1,29.699305893869546,0,0,8.087343101760482,Third,True,0
952,0,1,1,18.682181983872788,3,2,263.66552155614414,First,False,0
953,0,3,1,2.2306433553638936,4,1,29.855525906336048,Third,False,2
954,0,3,0,37.51073461533788,0,0,9.870706196889838,Third,True,0
955,0,3,1,22.45535695161543,0,0,10.493340418579326,Third,True,0
956,0,3,1,43.62606626803185,0,0,9.148303990988733,Third,True,0
957,0,3,1,8.623767998126766,4,1,30.300346449964508,Third,False,2
958,0,2,0,38.72078891910861,0,0,15.959149168252326,Second,True,0
959,0,3,1,22.30069718011709,0,0,8.04052754009541,Third,True,0
960,0,3,1,7.716618955914551,5,2,47.4641371325323,Third,False,0
961,0,3,1,26.24358173093274,1,0,8.514945473963538,Third,False,0
962,1,3,0,1.1881790241725565,1,1,11.368038661613069,Third,False,0
963,1,1,0,39.98223538312923,0,0,152.45118242825873,First,True,0
964,0,2,1,30.4231937341535,0,0,13.418664239976913,Second,True,0
965,1,2,0,3.237042860864993,1,2,41.51900892670638,Second,False,1
966,1,2,0,5.010148206185123,2,1,38.80859671042509,Second,False,0
967,1,2,0,30.911583058520563,1,1,25.987018817012583,Second,False,0
968,1,2,0,43.83748379031987,1,1,24.63797164247483,Second,False,0
969,1,3,0,4.024245366754232,1,1,15.60375629598457,Third,False,0
970,0,3,1,28.330201134311167,0,0,7.213505550499348,Third,True,0
971,1,3,0,36.881390036268684,1,5,32.20415809018486,Third,False,0
972,0,3,0,45.68189033720017,0,0,7.963789626849652,Third,True,0
973,1,1,1,56.51938282532168,0,0,34.281997673123776,First,True,1
974,0,3,1,47.37424302033326,0,0,8.93702004200508,Third,True,0
975,0,1,1,63.87675301254766,1,4,264.99677572525155,First,False,0
976,0,1,1,19.000672286479436,1,0,53.51822234419696,First,False,0
977,0,3,1,30.646458669823613,1,0,14.191861143220677,Third,False,0
978,1,2,0,49.62745302712275,0,0,12.163702804862657,Second,True,0
979,0,3,0,2.0155760065018984,4,2,31.815128601172884,Third,False,0
980,1,3,1,4.948002293559594,1,1,11.265009027574788,Third,False,0
981,1,2,0,23.193266382248016,0,0,13.021456286969991,Second,True,0
982,0,3,1,19.40428997055362,0,0,7.653544058857169,Third,True,0
983,1,1,0,33.9028954003802,1,0,81.94771483965528,First,False,0
984,0,3,1,22.925872848410712,0,0,7.111394916310839,Third,True,0
985,1,1,0,36.05537844257301,1,0,52.19665668680406,First,False,0
986,1,2,1,2.9785125156256633,1,1,26.724180020241597,Second,False,0
987,1,2,0,34.057602223967926,0,1,21.217472329760444,Second,False,0
988,0,3,0,9.35268876043742,4,2,31.01949806661267,Third,False,0
989,0,3,1,28.82741253664728,0,0,8.350216958316764,Third,True,0
990,0,1,1,65.11714443809089,0,0,24.800119546997273,First,True,0
991,0,2,1,24.743266419944007,0,0,9.583015403334226,Second,True,0
992,0,1,1,45.08723488100488,0,0,34.71090730768674,First,True,0
993,0,3,0,25.484745051343467,0,0,8.36834634424032,Third,True,0
994,0,3,0,15.35440550268559,0,0,13.576802086456537,Third,True,1
995,0,3,1,29.911575734603623,0,0,9.425136283622825,Third,True,0
996,0,3,0,9.11555620876286,2,2,35.782169050199364,Third,False,0
997,1,3,0,15.686340222085738,0,0,6.727536858372872,Third,True,2
998,0,2,1,22.279912082952126,0,0,13.642073603456566,Second,True,0
999,0,3,1,22.181399689675352,0,0,7.133732203256875,Third,True,1
1000,0,3,1,21.958594254903918,1,0,8.204709389133658,Third,False,0
1001,0,3,1,32.965055279968205,0,0,7.453943129575136,Third,True,0
1002,0,3,1,18.114560703456544,0,0,8.565514304948326,Third,True,0
1003,1,1,1,81.36959169377354,0,0,30.607425655860517,First,True,0
1004,1,2,0,13.082417817916756,0,1,17.70406852291413,Second,False,0
1005,1,2,0,38.72901126752841,0,0,13.145245850626646,Second,True,0
1006,1,3,1,27.082771428787822,0,0,6.91407161081513,Third,True,0
1007,0,3,1,32.966204984438804,0,0,8.25416405484136,Third,True,1
1008,0,3,0,20.239672600857794,1,0,8.656297353225941,Third,False,0
1009,0,3,0,10.603464774100905,0,2,22.621380707777014,Third,False,0
1010,0,2,1,27.01435928323491,0,0,10.345383338718616,Second,True,0
1011,1,2,0,3.7955083876020055,1,1,22.30011104893461,Second,False,0
1012,0,3,1,7.945347849171511,4,2,30.678992421720196,Third,False,0
1013,0,1,1,44.65209918507168,0,0,27.266782616168452,First,True,0
1014,0,1,1,69.73625644943863,1,1,72.17320579110218,First,False,0
1015,0,3,0,19.71723600631866,0,0,8.839429385969408,Third,True,0
1016,0,2,1,23.72205257206731,0,0,13.917381776532938,Second,True,0
1017,0,1,1,30.08523644322316,1,0,65.44181745004464,First,False,0
1018,0,2,1,23.48742134652524,0,0,14.611285862092974,Second,True,0
1019,0,3,1,17.493181430621625,0,0,9.965951379061217,Third,True,0
1020,0,1,1,45.63401449994773,1,0,83.69400099666174,First,False,0
1021,0,3,1,61.07019536256449,0,0,5.780289108321931,Third,True,0
1022,0,3,1,30.495977542095485,0,0,6.261231599276954,Third,True,1
1023,0,3,1,30.977411988494815,0,0,6.340406533521347,Third,True,2
1024,0,3,1,31.211185705309948,0,0,8.927877116857143,Third,True,2
1025,1,1,0,18.292249713342517,0,2,24.45713607311032,First,False,0
1026,0,3,0,38.764193378412415,1,5,30.595884177960837,Third,False,0
1027,0,3,1,17.060943399091112,0,0,8.619379674860589,Third,True,0
1028,0,3,0,28.351677082344267,1,1,13.704458380756307,Third,False,0
1029,0,3,1,45.878284519656695,0,0,8.271454565839747,Third,True,0
1030,1,1,1,47.65923923713204,0,0,26.270142518707512,First,True,0
1031,0,2,1,33.19246780570914,0,0,15.283317638974907,Second,True,0
1032,1,2,0,24.61228906061585,2,3,19.960384684733956,Second,False,0
1033,1,1,1,38.02503855122772,1,0,91.40957436969325,First,False,0
1034,1,3,0,-0.2459937735713773,0,2,13.767383562392741,Third,False,1
1035,0,3,0,10.626875105451436,4,2,31.210139267116045,Third,False,0
1036,1,1,1,50.15111894394771,0,0,27.750891436127663,First,True,0
1037,0,3,1,35.797397008353315,0,0,7.377205415361368,Third,True,0
1038,0,1,1,51.68520350636049,0,1,61.385234191772945,First,False,1
1039,0,3,1,27.079676765759004,0,0,15.08666711613671,Third,True,0
1040,0,3,1,16.68994578479199,0,0,8.850991972725852,Third,True,0
1041,0,3,1,29.573519840909412,0,0,8.630212485227185,Third,True,0
1042,0,3,1,24.997171157619327,2,0,24.39726792822879,Third,False,0
1043,0,3,1,30.877654150666544,0,0,8.767822183515694,Third,True,0
1044,1,1,0,56.39986992585869,0,1,81.79922466971944,First,False,1
1045,1,1,1,52.28779930437454,0,0,30.218234129393764,First,True,0
1046,1,3,1,38.66643833783827,0,0,6.930472519383014,Third,True,0
1047,1,3,1,25.59133992940421,0,0,8.720053367595167,Third,True,0
1048,0,2,1,30.343883928682505,0,0,13.622442045848105,Second,True,0
1049,0,1,0,50.13290146408268,0,0,28.84618952712355,First,True,1
1050,1,2,0,37.40508455166189,1,0,25.863121387683538,Second,False,0
1051,1,2,0,27.551658334674293,0,0,13.585732043009488,Second,True,0
1052,1,3,0,14.75089342146044,0,0,6.841413565592053,Third,True,2
1053,1,3,0,26.68024465064371,0,0,5.937426931666071,Third,True,0
1054,1,2,0,29.169029300483594,3,0,21.02407779034405,Second,False,0
1055,1,3,1,21.85956276214836,0,0,6.621025368510567,Third,True,0
1056,1,2,1,0.6405806263433427,1,1,19.318686710587073,Second,False,0
1057,0,3,1,38.330090719654144,1,5,31.281216711420683,Third,False,0
1058,0,3,1,32.65336164572802,0,0,8.236269248252682,Third,True,0
1059,0,2,1,67.54887033915512,0,0,11.370302707116522,Second,True,0
1060,0,2,1,69.6999912134239,0,0,10.012579926074903,Second,True,0
1061,0,3,1,22.522416365749947,0,0,7.949648648437088,Third,True,0
1062,0,3,0,9.997339969074853,3,2,27.397275659086166,Third,False,0
1063,0,3,1,14.089917683939756,0,0,8.069144242978046,Third,True,0
1064,1,1,0,30.46716310946843,0,0,55.91703800288088,First,True,1
1065,0,3,0,1.4783388418571033,3,1,21.07748131379243,Third,False,0
1066,1,1,0,16.78942445912919,0,1,40.71816634429735,First,False,0
1067,1,2,1,2.4697697021334455,1,1,25.72951260399536,Second,False,0
1068,1,1,0,43.71519227708051,0,0,27.123436327149328,First,True,1
1069,0,3,1,30.244372203525007,0,0,8.737941442861183,Third,True,0
1070,1,2,0,25.36897337233832,1,0,12.516486656071892,Second,False,1
1071,1,2,0,19.118162740699507,0,0,25.397648910832725,Second,True,0
1072,0,3,1,39.42915302793549,1,4,27.46552164202792,Third,False,0
1073,0,3,1,18.644145025306273,0,0,5.273337254074021,Third,True,2
1074,1,1,1,26.361921371885245,0,0,30.78857642666609,First,True,0
1075,0,2,1,42.81902845805433,1,0,27.35321987873627,Second,False,0
1076,0,2,0,57.80208431693299,0,0,10.913202674027517,Second,True,0
1077,0,3,1,22.187354476662353,0,0,6.560949180423522,Third,True,0
1078,0,3,1,23.484344887796322,0,0,9.241439681636896,Third,True,0
1079,1,1,0,19.069911100138086,0,2,78.93674858687835,First,False,0
1080,0,3,1,7.433820374023202,4,1,28.302137278670234,Third,False,2
1081,0,3,1,40.14652071142776,0,0,9.905054434744356,Third,True,0
1082,0,2,1,34.78786606306776,0,0,26.89053022035418,Second,True,0
1083,1,2,0,28.95743205380615,0,0,14.875336637824393,Second,True,0
1084,0,3,1,24.98154025535964,0,0,7.403192737732988,Third,True,0
1085,1,1,0,41.61377974474609,1,1,135.3793500411769,First,False,1
1086,1,1,1,26.42097869951522,0,0,31.039957035723923,First,True,1
1087,1,3,0,15.724193725991958,0,1,10.555461102246445,Third,False,0
1088,1,2,0,8.87463693410697,0,2,25.259790340524827,Second,False,0
1089,0,3,1,19.857428995034113,0,0,10.107677093913308,Third,True,0
1090,0,1,1,47.865698867547586,0,0,78.77769124000882,First,True,1
1091,0,3,1,29.57878924122133,0,0,8.516898224021904,Third,True,0
1092,0,2,1,20.437093782121323,2,0,73.35253064939106,Second,False,0
1093,0,3,1,22.500732216449162,0,0,8.203106994084907,Third,True,0
1094,0,3,1,19.342047713323513,0,0,4.643090570085588,Third,True,1
1095,0,2,1,28.576806664721335,0,0,13.031394922013975,Second,True,0
1096,0,3,1,34.68219454798099,0,0,6.252046274287656,Third,True,0
1097,1,2,0,23.873209282884243,2,1,25.94529785109782,Second,False,0
1098,0,3,1,36.662991460112515,1,1,23.17282413737112,Third,False,0
1099,1,3,1,-1.5993678210479758,1,2,20.34587068964333,Third,False,0
1100,0,3,1,18.601908502443553,0,0,7.76769146259036,Third,True,0
1101,0,1,1,54.162612569848,0,0,51.37658685313904,First,True,0
1102,1,2,0,29.253377427336016,1,0,23.959116782650224,Second,False,1
1103,0,3,1,22.281497989644382,0,0,6.362749877682459,Third,True,1
1104,0,2,1,31.85501959646086,1,1,27.14038075390885,Second,False,0
1105,1,1,1,25.098059119667475,0,0,77.06637455589403,First,True,1
1106,1,1,0,30.881776881357922,1,0,113.8725112281974,First,False,1
1107,0,3,0,29.328803619962972,1,0,19.259116681264786,Third,False,0
1108,1,2,0,27.961708648637483,0,0,10.522029728467778,Second,True,0
1109,1,1,0,47.08312251527597,0,0,25.040287026512726,First,True,0
1110,0,3,0,22.597135931049678,0,0,8.238196570491567,Third,True,0
1111,1,1,0,35.55965596494746,1,0,52.87330938618944,First,False,0
1112,0,3,1,48.88241558823306,0,0,7.709830922093211,Third,True,0
1113,1,2,1,30.902545026466463,1,0,26.03890995568849,Second,False,0
1114,0,3,1,22.746429686188932,0,0,7.164259089016207,Third,True,0
1115,1,1,0,51.75306719224907,1,1,93.76647332809928,First,False,0
1116,0,3,1,24.073195730974444,1,0,15.377176022259881,Third,False,0
1117,1,2,0,30.970985627987414,0,0,12.509999603464419,Second,True,0
1118,1,1,0,21.931005701720125,0,1,55.38815596089565,First,False,0
1119,0,1,1,50.46717345314777,1,0,105.33346159888553,First,False,1
1120,0,3,1,27.814421040613762,0,0,9.032547060294446,Third,True,0
1121,0,1,1,28.212904473302213,1,0,82.61446951470452,First,False,1
1122,0,2,1,39.3365198223823,0,0,26.311122878461028,Second,True,0
1123,1,3,0,31.294278542096308,1,1,19.810318852386903,Third,False,0
1124,1,3,0,19.12021199727024,4,2,7.299027089530217,Third,False,0
1125,1,3,1,27.951771746825884,0,0,8.888055359332395,Third,True,1
1126,1,3,1,29.73446125272536,0,0,8.711662964136956,Third,True,0
1127,0,3,1,20.76776205961189,0,0,8.062200116695413,Third,True,0
1128,0,2,0,25.88152600039651,0,0,11.346602093605302,Second,True,0
1129,0,3,1,24.308001212729984,0,0,6.4370091654272095,Third,True,0
1130,1,1,0,45.12443774572235,1,1,165.30667531873144,First,False,0
1131,0,3,1,38.15693700268986,0,0,8.399310057186037,Third,True,0
1132,0,2,1,48.13706709159629,0,0,12.82825636420542,Second,True,0
1133,0,2,1,31.953918351063493,0,0,10.672620406353412,Second,True,0
1134,0,2,1,17.56819807852586,0,0,12.131571203157815,Second,True,0
1135,1,2,0,28.430941810588067,0,0,13.92955474228173,Second,True,0
1136,0,2,1,33.722844375279,2,0,72.83248884615367,Second,False,0
1137,0,3,1,22.677718568903234,0,0,7.4818456197842105,Third,True,0
1138,1,1,0,31.439190546001782,0,0,86.70704521198725,First,True,0
1139,0,3,1,22.96334986232129,0,0,8.810150245741324,Third,True,0
1140,1,3,0,35.71330210283318,1,0,18.330774863662665,Third,False,0
1141,1,1,1,59.3124703148948,1,1,77.56284943464792,First,False,1
1142,1,1,0,51.74252469498607,1,0,79.833261245394,First,False,1
1143,0,2,1,20.014414130422466,1,0,10.17037094240256,Second,False,0
1144,0,3,0,22.080509068950157,0,0,9.994428546646796,Third,True,0
1145,0,3,0,31.541082303780286,0,0,7.812597799843405,Third,True,2
1146,0,3,1,23.445197729777682,0,0,7.996879516349275,Third,True,0
1147,0,1,1,36.39666175557076,1,0,79.27022213784832,First,False,0
1148,1,2,0,34.18988350020902,0,0,21.453999854563445,Second,True,0
1149,1,2,0,24.01435354940947,0,1,24.724640359417673,Second,False,0
1150,0,3,0,3.656381759133849,0,1,10.593138829730979,Third,False,0
1151,1,2,0,36.59009403621742,0,0,13.078795468711624,Second,True,0
1152,0,2,1,29.315280578113793,0,0,12.180065533503402,Second,True,0
1153,1,1,1,31.791058501553554,0,0,31.448421987270518,First,True,1
1154,0,1,1,64.07740538919224,0,0,26.67434758723848,First,True,0
1155,0,3,1,49.41652947514709,0,0,7.96715526454146,Third,True,0
1156,0,3,1,29.71780716870044,0,0,6.59031502901466,Third,True,0
1157,0,3,1,21.103185720998084,0,0,8.671763302636066,Third,True,0
1158,1,3,0,18.35823060669338,1,0,8.928109285405528,Third,False,0
1159,0,2,1,36.38190441408827,1,0,26.276010339887648,Second,False,0
1160,0,3,1,35.88197363186186,0,0,7.847354952346732,Third,True,0
1161,0,3,1,14.224532866199166,0,0,11.365615469010871,Third,True,0
1162,0,1,1,38.11277622649322,0,0,-1.2928402410796083,First,True,0
1163,1,2,0,28.091991552774186,0,0,10.43444987175363,Second,True,0
1164,0,3,0,48.277349810633375,1,0,15.196119163789746,Third,False,0
1165,0,3,1,17.1312125784404,1,1,8.023971088998733,Third,False,1
1166,0,2,1,23.645824219875713,2,1,10.92074898690394,Second,False,0
1167,0,3,1,15.96537856229608,1,0,8.885930343291221,Third,False,0
1168,0,3,1,13.73588128813199,5,2,46.63245723797966,Third,False,0
1169,1,1,1,23.356573149916613,0,1,62.89868687618324,First,False,1
1170,0,2,1,18.732487348284202,1,1,36.43993923686743,Second,False,0
1171,1,1,0,53.15798188780243,1,0,58.74120165055037,First,False,1
1172,0,3,1,40.80830866628177,2,0,14.923859430212453,Third,False,0
1173,0,2,1,42.40400591644629,0,0,13.004029461816495,Second,True,0
1174,0,3,0,16.23297021663092,5,2,46.78306702550874,Third,False,0
1175,0,2,1,17.115136784536375,0,0,12.390955511490029,Second,True,0
1176,0,3,1,28.28819128366292,0,0,22.66266464236427,Third,True,0
1177,1,1,0,29.72286149382509,0,0,32.753121957684506,First,True,1
1178,1,1,0,35.89245651493986,0,0,514.4383550457007,First,True,1
1179,0,3,1,16.429390731205732,0,0,8.519048799515774,Third,True,0
1180,0,3,1,17.89674112997788,0,0,7.876984987963558,Third,True,0
1181,0,2,1,24.358718171863654,0,0,10.187701514000198,Second,True,0
1182,0,1,1,57.57859820189414,0,0,26.660589883343736,First,True,0
1183,1,2,0,12.903743191744496,1,0,29.988400370374464,Second,False,1
1184,1,1,1,26.224861398525828,1,0,51.5365403316046,First,False,0
1185,0,3,1,5.564786908715391,4,1,38.74709468921456,Third,False,0
1186,1,1,1,36.70659309701128,0,0,25.071630445670728,First,True,0
1187,0,1,1,54.632026947525496,0,0,29.78122069849225,First,True,1
1188,0,2,1,53.923442849644886,0,0,14.558731855281676,Second,True,0
1189,1,1,0,43.22643520176194,0,0,227.53982167982355,First,True,1
1190,0,3,0,43.70383925377608,1,6,47.99023347934202,Third,False,0
1191,0,3,1,20.397347974819155,0,0,8.648845630805836,Third,True,0
1192,0,3,1,33.0454386123049,0,0,8.470799909928132,Third,True,0
1193,1,3,0,31.56225897603298,0,0,10.687930223265628,Third,True,0
1194,1,3,0,21.55159615707386,0,0,9.311062990448882,Third,True,0
1195,1,3,0,23.10626223776429,0,0,7.171799856805575,Third,True,0
1196,1,1,0,17.4893946381875,1,0,57.46021528522111,First,False,0
1197,1,3,0,31.301186467413547,0,0,10.024245419099813,Third,True,0
1198,1,2,0,36.40131152456952,0,0,11.905952962544555,Second,True,0
1199,0,3,1,32.834012909200744,0,0,10.447166103665351,Third,True,0
1200,0,1,1,23.03891589665316,0,0,134.59588429480507,First,True,1
1201,0,3,1,29.680825985748815,0,0,7.123745747851032,Third,True,0
1202,0,3,1,22.143664588652648,0,0,7.300981761727883,Third,True,0
1203,1,2,0,33.24699417209371,0,0,13.892373612738062,Second,True,0
1204,1,2,0,19.92160561134125,1,0,26.972359042197496,Second,False,0
1205,0,2,1,40.21471680771793,0,0,13.996615276698034,Second,True,0
1206,0,1,1,61.35514275131379,0,0,26.455481942655975,First,True,0
1207,0,3,1,1.6161027405702089,4,2,32.385086016594514,Third,False,0
1208,0,1,1,38.56588080990627,0,1,153.75421371039107,First,False,0
1209,1,1,0,43.02707718646239,0,1,212.34972166472716,First,False,0
1210,1,3,0,4.082963957410565,2,1,19.75463670075543,Third,False,1
1211,0,2,1,38.45400507413824,0,0,11.762304943290554,Second,True,0
1212,1,1,0,48.70424476671191,1,0,77.21640526797808,First,False,1
1213,0,3,1,44.389940796720325,0,1,15.472648034454082,Third,False,0
1214,1,2,0,5.755763372939469,0,2,27.07583231685915,Second,False,0
1215,0,3,1,39.10391774341616,0,0,5.685047863920658,Third,True,2
1216,0,3,1,25.492519387985,1,0,14.507531152799412,Third,False,1
1217,0,2,1,18.991364505917673,0,0,73.86583704476527,Second,True,0
1218,1,2,0,24.306711369886546,0,2,12.591004083629429,Second,False,0
1219,0,2,1,32.14629942036715,0,0,9.798847794681556,Second,True,0
1220,1,1,1,46.683233118121585,0,0,28.456923189362268,First,True,0
1221,1,3,0,5.825254917148758,0,2,20.68850249467914,Third,False,0
1222,0,3,1,39.91252253428358,0,0,8.479212662998668,Third,True,1
1223,1,2,1,63.30646266881651,0,0,10.522014227828052,Second,True,0
1224,0,3,1,4.38947697361071,4,1,39.2696849938085,Third,False,0
1225,1,3,0,18.566790996539105,0,0,9.599107555982677,Third,True,0
1226,0,3,0,21.02051296601897,2,2,33.86762350573383,Third,False,0
1227,0,2,1,46.62316514467332,0,0,15.362327030366078,Second,True,0
1228,0,3,0,21.546600606479238,0,0,9.354966439190573,Third,True,0
1229,0,2,1,58.12011550164129,0,0,13.619729777558707,Second,True,0
1230,0,3,1,39.88709128690078,0,2,12.744923732561722,Third,False,0
1231,0,3,1,32.456783111452935,0,0,5.873785755781265,Third,True,0
1232,0,3,1,37.23723874941597,0,0,-0.7919895352335484,Third,True,0
1233,0,3,1,73.69758602039049,0,0,7.807620318971394,Third,True,0
1234,0,3,0,25.40933923636763,0,0,8.508732673039082,Third,True,0
1235,1,3,1,3.4418339678263368,1,1,15.202474020681466,Third,False,0
1236,1,1,0,24.068346160791474,0,0,68.32030246510608,First,True,1
1237,1,1,0,17.985853373735086,0,0,85.6710232824878,First,True,0
1238,0,3,1,54.36522379232298,0,0,7.569618990342173,Third,True,0
1239,0,2,1,16.153945616736245,0,0,11.952614784262888,Second,True,0
1240,0,1,1,59.76120695466118,0,0,27.42179507915556,First,True,0
1241,1,3,1,21.422718644268713,0,0,7.415295816784863,Third,True,1
1242,1,1,0,24.28990756815052,0,0,83.00854167519643,First,True,1
1243,1,1,0,44.7080037491552,0,1,57.638435822522304,First,False,1
1244,0,3,1,25.054364559104574,0,0,9.028335090857226,Third,True,0
1245,0,3,1,26.039963727625857,0,0,7.517139038063658,Third,True,0
1246,1,2,0,33.56409656477921,0,2,26.3315148860511,Second,False,0
1247,0,2,1,35.66183425888928,0,0,10.55909314667032,Second,True,0
1248,1,1,0,21.034254339147548,2,2,262.8901205426915,First,False,1
1249,0,1,1,36.051320551061615,0,1,28.909032227513215,First,False,1
1250,0,3,1,17.51322512212517,0,0,8.671968012975425,Third,True,0
1251,0,2,1,24.293947225877634,1,2,42.56586292587324,Second,False,1
1252,0,3,0,6.035189807123117,4,2,31.337647409115732,Third,False,0
1253,0,3,1,23.35935887721518,0,0,6.271187761880834,Third,True,1
1254,1,1,0,34.42284284590857,1,0,89.91598497474375,First,False,0
1255,0,2,1,23.86302441037985,0,0,11.701279674217014,Second,True,0
1256,1,1,1,47.185475593306016,1,0,78.73811790718655,First,False,1
1257,0,3,1,15.728406497888091,2,0,19.293645291192156,Third,False,0
1258,1,1,0,48.318611849451884,1,0,39.155769679475796,First,False,1
1259,0,3,1,24.73629432348592,0,0,9.401107790592713,Third,True,0
1260,1,3,0,25.152948483999715,1,0,15.920534635047401,Third,False,0
1261,1,3,0,23.146836764361755,0,0,8.001758082980382,Third,True,2
1262,1,3,0,4.700949564181791,0,0,12.107133218015512,Third,True,0
1263,1,3,0,0.4144557048419798,2,1,18.925895891774065,Third,False,1
1264,1,1,0,24.12080961885043,0,0,78.03990455117231,First,True,0
1265,0,3,1,35.61484821291978,0,0,8.0017848579095,Third,True,1
1266,0,3,0,31.708686712006905,0,0,7.556881493704357,Third,True,0
1267,1,2,0,34.33552415036392,0,0,10.100084079124537,Second,True,0
1268,0,3,0,30.249201279765874,1,1,26.380318205327892,Third,False,0
1269,1,1,1,34.60529130121338,0,0,26.360989258056637,First,True,0
1270,1,2,0,31.699105125075338,0,0,12.227485890573213,Second,True,2
1271,0,3,1,14.574318495834772,1,1,8.87452800604954,Third,False,1
1272,1,2,0,22.350054391062276,0,0,15.436782690325032,Second,True,1
1273,1,3,0,62.82373690087053,0,0,8.283275937664918,Third,True,0
1274,0,3,1,64.97764659631565,0,0,8.367670779530611,Third,True,2
1275,0,2,1,29.129379223836583,0,1,34.88002211818578,Second,False,0
1276,1,1,0,30.469058232042272,0,0,211.03768462061382,First,True,0
1277,1,1,1,47.957195366328556,1,0,54.88506318965624,First,False,1
1278,1,1,0,14.738782669479704,1,2,121.58670286871171,First,False,0
1279,0,3,1,20.276037864999463,0,0,7.003720246075342,Third,True,0
1280,0,3,1,25.974480374402624,0,0,8.017074967345982,Third,True,0
1281,0,1,1,36.257985636247454,0,0,-0.44276938011161565,First,True,0
1282,1,3,1,26.840214701378994,0,0,8.431728995404256,Third,True,0
1283,0,3,1,38.9390791550867,0,0,6.598985299337388,Third,True,0
1284,0,3,0,17.838017792204447,0,1,14.23689183164068,Third,False,1
1285,0,3,0,13.614977660900884,1,0,13.773744412534427,Third,False,1
1286,1,1,1,1.589677162782524,1,2,150.9420845909206,First,False,0
1287,0,3,1,34.150971660475726,0,0,5.783492830807637,Third,True,0
1288,1,3,1,21.538800994617898,1,0,7.235704484892634,Third,False,0
1289,0,3,0,17.71525975083138,1,0,18.13592332818602,Third,False,0
1290,0,2,1,61.58931627912162,1,1,38.12818384353752,Second,False,0
1291,0,2,1,30.009219674622837,0,0,12.236890907049997,Second,True,0
1292,1,1,0,36.354081808215945,1,2,120.1233074873673,First,False,0
1293,0,1,1,34.11477750052974,0,0,5.114171576011939,First,True,0
1294,0,2,1,16.263221483409442,0,0,8.659233709847774,Second,True,0
1295,0,2,1,31.422825694026084,1,0,29.58245163318762,Second,False,1
1296,1,1,0,23.263582364341303,0,0,49.854637398308064,First,True,1
1297,1,1,0,49.91694622923559,0,1,247.64351458392755,First,False,1
1298,0,2,1,49.07883787874111,0,0,14.527759939290595,Second,True,0
1299,0,2,1,52.56093551617962,0,0,25.641225829630233,Second,True,0
1300,0,3,1,41.49264008042514,0,0,7.444527826235158,Third,True,0
1301,0,3,1,23.338759945608384,0,0,7.4242276951003765,Third,True,0
1302,1,1,0,31.83591763434122,0,0,86.10682511145947,First,True,0
1303,0,1,1,70.6695989975382,0,0,50.250187420215255,First,True,1
1304,0,3,1,17.255434172261882,0,0,7.814850412572824,Third,True,0
1305,1,2,1,0.6320028474158358,1,1,14.725289788082154,Second,False,0
1306,1,3,1,24.48029137958092,0,0,1.1359546284842588,Third,True,0
1307,0,3,1,34.925452760088405,0,0,6.888599118289268,Third,True,0
1308,0,3,1,29.990154294651212,0,0,6.956825948887975,Third,True,1
1309,1,1,1,30.132004440789924,1,0,56.5668801523393,First,False,0
1310,1,3,1,11.301105459669618,1,0,10.868311448773822,Third,False,1
1311,0,2,1,33.61425764851331,0,0,11.362005383091477,Second,True,0
1312,1,1,1,37.364072383353935,0,0,26.700435228474507,First,True,0
1313,0,3,1,30.727646984953264,0,0,8.212324909793786,Third,True,0
1314,0,3,1,3.9775560172309135,3,2,26.66705896378616,Third,False,0
1315,0,2,0,28.877898942333804,1,0,20.934641112200094,Second,False,0
1316,0,2,1,54.15588349176843,1,0,26.276195461006825,Second,False,0
1317,0,3,1,27.960029206023492,0,0,55.62474038916628,Third,True,0
1318,0,1,1,41.644400483774874,1,0,51.86152889830648,First,False,0
1319,1,3,0,17.78689812288511,0,0,7.516040149134206,Third,True,0
1320,0,3,1,20.689957178635762,0,0,6.4786668821041316,Third,True,0
1321,1,1,1,43.675927105954734,1,0,50.55355083215974,First,False,0
1322,0,2,1,32.32322676502256,1,0,20.897308723815666,Second,False,0
1323,0,2,1,29.542504866515017,1,0,27.258625670360797,Second,False,1
1324,0,3,1,40.25729124240653,0,0,7.669048031334982,Third,True,0
1325,0,1,1,54.62867155052222,0,0,28.981418362281318,First,True,0
1326,0,3,1,15.894657666734396,1,1,20.940236339253705,Third,False,0
1327,0,3,1,52.09274087090066,0,0,6.835763073977905,Third,True,0
1328,0,3,1,18.751183185829987,0,0,6.892482306346178,Third,True,0
1329,0,1,1,28.00782977148702,0,0,46.453114880658276,First,True,0
1330,0,3,1,48.28665334347592,0,0,0.012434876450295493,Third,True,0
1331,1,2,0,40.26597613633528,0,0,16.10162824847076,Second,True,0
1332,0,1,1,30.67545677314424,0,0,49.79133925335321,First,True,0
1333,1,1,1,48.76829003510424,2,0,133.60500398360983,First,False,0
1334,1,3,0,33.14751135139631,3,0,14.584486662494106,Third,False,0
1335,1,2,0,54.34553605401192,0,0,14.80207770832271,Second,True,0
1336,0,3,1,40.828186319195474,0,1,7.808317679738759,Third,False,0
1337,0,1,1,63.95870181169571,0,1,61.15203044508553,First,False,1
1338,0,3,1,19.514919792766047,0,0,14.853721322315772,Third,True,0
1339,0,3,1,29.88433200238659,1,0,7.134806980824892,Third,False,0
1340,1,3,0,4.603995794164588,4,2,30.317846252484294,Third,False,0
1341,1,1,0,35.33336185622676,0,0,135.35804836527433,First,True,0
1342,0,2,1,32.00501737248789,0,0,11.38069496756898,Second,True,0
1343,0,3,1,30.169703903721786,0,0,6.193947734035624,Third,True,0
1344,0,3,1,16.153917925637124,1,0,6.8531371324009855,Third,False,0
1345,1,3,0,25.43458129805361,0,0,8.12818371294314,Third,True,0
1346,0,1,1,35.449501778151344,0,0,40.376783766146815,First,True,1
1347,1,2,0,33.455620398621974,0,0,10.756490242108587,Second,True,0
1348,1,1,0,19.552433617200293,0,0,29.13863628816925,First,True,0
1349,1,1,0,41.20785314366456,0,0,135.01610283955537,First,True,1
1350,0,3,0,27.207034384477424,1,1,12.46336496234619,Third,False,0
1351,1,3,1,15.816027552215408,0,0,7.521607186326235,Third,True,0
1352,1,1,1,34.40109782642096,0,0,27.388421365561616,First,True,0
1353,0,1,1,17.738041884391,1,0,108.68652025427134,First,False,1
1354,0,3,1,35.9706277167845,1,0,14.049925269674821,Third,False,0
1355,0,2,1,24.817220275998338,0,0,12.215423274000619,Second,True,0
1356,0,3,1,29.627241544539604,0,0,7.481000083885521,Third,True,0
1357,1,3,1,9.698899916865228,1,1,15.859627797790555,Third,False,0
1358,1,1,0,37.24336209262828,1,0,72.75768927254506,First,False,1
1359,0,3,1,19.018015257819343,0,0,6.054178213305439,Third,True,0
1360,1,1,1,40.449274897223155,0,0,26.840884381369793,First,True,0
1361,0,3,1,36.07954493894514,2,0,7.893930818495581,Third,False,0
1362,1,3,0,28.0598159032752,0,2,16.337337774299918,Third,False,1
1363,1,3,0,19.387392295223353,0,0,9.118569055000556,Third,True,2
1364,1,3,0,0.30978201067931516,2,1,18.964428680851835,Third,False,1
1365,1,1,0,36.53846154807515,0,2,69.37513424442727,First,False,0
1366,0,3,1,19.35920250050352,0,0,14.34047077111543,Third,True,0
1367,1,2,0,50.517842979668856,0,0,10.149463773011943,Second,True,0
1368,0,2,1,29.0258697670266,1,0,20.4851541841494,Second,False,0
1369,0,3,1,18.191400599052894,1,1,18.800548913630152,Third,False,0
1370,1,1,1,47.68645959957024,1,0,51.80885864356737,First,False,0
1371,0,3,1,16.447672681279794,0,0,7.802800153020386,Third,True,0
1372,0,3,1,20.024142691565807,0,0,0.22989319851784412,Third,True,0
1373,0,3,0,14.281575929789579,0,0,6.704736711591114,Third,True,0
1374,1,3,0,22.656541664807655,0,2,16.770181916437014,Third,False,0
1375,1,2,0,49.37036519723101,1,2,63.74498066820331,Second,False,0
1376,0,1,1,58.740820030971605,0,0,28.93798654333632,First,True,1
1377,1,1,0,23.96805863147715,3,2,263.2183101391994,First,False,0
1378,1,1,1,39.254669487354576,0,0,30.44377506234444,First,True,1
1379,0,2,1,27.623288894155756,0,0,10.037851937557098,Second,True,0
1380,0,3,1,26.56343299255874,0,0,9.57548871274453,Third,True,0
1381,0,3,1,34.36659358462602,1,1,14.24545135775485,Third,False,0
1382,1,1,0,48.34041896902917,1,1,51.70638759177592,First,False,0
1383,0,3,0,40.785109682400474,0,5,39.30725464550303,Third,False,0
1384,1,1,0,17.88224206407606,1,0,107.94581643410844,First,False,1
1385,0,2,1,52.12524660799108,0,0,12.042757560728278,Second,True,0
1386,1,1,0,21.393143241063076,0,0,152.31462373740277,First,True,0
1387,0,2,1,42.79191620074617,1,0,24.90019921923123,Second,False,0
1388,1,1,1,34.33091355813679,0,0,24.4907126684226,First,True,1
1389,0,3,1,17.27227128642175,0,0,7.6187682005363735,Third,True,0
1390,1,2,1,-0.4232123992363884,0,2,28.30677210584026,Second,False,0
1391,0,3,1,44.19456016023659,0,0,10.206816303369692,Third,True,0
1392,1,2,0,43.324855711508704,0,0,15.58811368818294,Second,True,0
1393,1,2,0,25.72109351879956,1,0,26.135466513124577,Second,False,0
1394,0,3,0,7.244589753746165,3,1,21.77278124789625,Third,False,0
1395,0,3,1,28.76792574330738,2,0,8.03423425293989,Third,False,0
1396,1,1,0,39.64694259211107,1,1,109.51400066342192,First,False,1
1397,0,3,1,46.67423205910989,0,0,6.556770691990789,Third,True,1
1398,0,2,1,36.18235755167455,0,0,13.406779502805538,Second,True,0
1399,0,2,1,18.146787852330824,0,0,9.126383727497,Second,True,0
1400,1,1,1,23.262323376544284,1,0,91.21892574059629,First,False,1
1401,1,1,0,30.23268716358377,0,0,93.18847053555142,First,True,0
1402,0,3,1,19.81831884143937,0,0,7.606372984949373,Third,True,0
1403,1,1,1,27.738441050613332,0,0,26.38986522263845,First,True,0
1404,0,3,1,2.445605685695999,5,2,47.63393223294707,Third,False,0
1405,1,3,0,14.991657744244641,1,0,14.521945470742875,Third,False,1
1406,0,3,1,16.806909404980733,0,0,9.981976719939677,Third,True,0
1407,0,3,1,22.544360597419345,0,0,6.98403294255166,Third,True,0
1408,1,3,1,22.41334711035546,0,0,6.027621797085869,Third,True,0
1409,0,1,1,55.82312127629341,0,0,24.948714379290532,First,True,0
1410,0,3,0,19.904018801490917,1,0,9.887805744532308,Third,False,0
1411,1,2,0,22.08680544703963,1,1,29.991850234272533,Second,False,0
1412,1,1,0,33.15417009920391,1,0,92.24393614660552,First,False,2
1413,1,3,1,26.105912669844116,1,0,8.060353444844733,Third,False,0
1414,0,3,1,33.94507915109186,0,0,5.889612435467461,Third,True,0
1415,1,1,0,20.399354842663435,1,0,64.78562117859968,First,False,0
1416,0,3,1,47.376837561495485,0,0,10.207837312303893,Third,True,0
1417,1,1,1,28.443215756675823,0,0,36.24233451739671,First,True,0
1418,0,3,1,20.453137870737073,0,0,6.7021909415089596,Third,True,0
1419,0,3,1,23.849017411090024,1,2,20.245465941651386,Third,False,0
1420,0,2,1,22.65149475317124,0,0,14.721553101540923,Second,True,1
1421,1,3,1,44.947036779825424,0,0,6.8497333874763955,Third,True,0
1422,1,2,1,6.953684957225422,1,1,37.40136808521982,Second,False,0
1423,0,3,1,17.888733394795743,0,0,6.493981969775719,Third,True,0
